0.01, 0.696168,2.32435,4.32735,6.57801,9.02804
0.01099, 0.696166,2.32434,4.32732,6.57793,9.02789
0.01198, 0.696164,2.32433,4.32728,6.57784,9.02772
0.01297, 0.696162,2.32432,4.32724,6.57774,9.02754
0.01396, 0.69616,2.3243,4.32719,6.57764,9.02735
0.01495, 0.696158,2.32429,4.32714,6.57753,9.02714
0.01594, 0.696155,2.32427,4.32709,6.57741,9.02691
0.01693, 0.696153,2.32425,4.32703,6.57728,9.02667
0.01792, 0.69615,2.32424,4.32697,6.57715,9.02642
0.01891, 0.696147,2.32422,4.32691,6.577,9.02615
0.0199, 0.696144,2.3242,4.32684,6.57685,9.02587
0.02089, 0.696141,2.32417,4.32678,6.57669,9.02557
0.02188, 0.696137,2.32415,4.3267,6.57653,9.02526
0.02287, 0.696134,2.32413,4.32663,6.57636,9.02493
0.02386, 0.69613,2.3241,4.32655,6.57618,9.02459
0.02485, 0.696126,2.32408,4.32646,6.57599,9.02424
0.02584, 0.696122,2.32405,4.32638,6.57579,9.02387
0.02683, 0.696118,2.32402,4.32629,6.57559,9.02349
0.02782, 0.696113,2.32399,4.3262,6.57537,9.02309
0.02881, 0.696109,2.32396,4.3261,6.57516,9.02268
0.0298, 0.696104,2.32393,4.326,6.57493,9.02225
0.03079, 0.696099,2.3239,4.3259,6.57469,9.02181
0.03178, 0.696094,2.32387,4.32579,6.57445,9.02135
0.03277, 0.696089,2.32383,4.32568,6.5742,9.02088
0.03376, 0.696084,2.3238,4.32557,6.57394,9.0204
0.03475, 0.696079,2.32376,4.32545,6.57368,9.0199
0.03574, 0.696073,2.32373,4.32533,6.5734,9.01939
0.03673, 0.696067,2.32369,4.32521,6.57312,9.01886
0.03772, 0.696061,2.32365,4.32508,6.57284,9.01832
0.03871, 0.696055,2.32361,4.32495,6.57254,9.01776
0.0397, 0.696049,2.32357,4.32482,6.57224,9.01719
0.04069, 0.696042,2.32352,4.32468,6.57192,9.0166
0.04168, 0.696036,2.32348,4.32454,6.5716,9.016
0.04267, 0.696029,2.32344,4.3244,6.57128,9.01539
0.04366, 0.696022,2.32339,4.32425,6.57094,9.01476
0.04465, 0.696015,2.32334,4.3241,6.5706,9.01412
0.04564, 0.696008,2.3233,4.32395,6.57025,9.01346
0.04663, 0.696001,2.32325,4.32379,6.56989,9.01279
0.04762, 0.695993,2.3232,4.32363,6.56953,9.0121
0.04861, 0.695985,2.32315,4.32346,6.56916,9.0114
0.0496, 0.695978,2.32309,4.3233,6.56877,9.01069
0.05059, 0.69597,2.32304,4.32313,6.56839,9.00996
0.05158, 0.695961,2.32299,4.32295,6.56799,9.00921
0.05257, 0.695953,2.32293,4.32277,6.56759,9.00845
0.05356, 0.695945,2.32288,4.32259,6.56718,9.00768
0.05455, 0.695936,2.32282,4.32241,6.56676,9.00689
0.05554, 0.695927,2.32276,4.32222,6.56633,9.00609
0.05653, 0.695918,2.3227,4.32203,6.56589,9.00527
0.05752, 0.695909,2.32264,4.32184,6.56545,9.00444
0.05851, 0.6959,2.32258,4.32164,6.565,9.00359
0.0595, 0.695891,2.32252,4.32144,6.56454,9.00273
0.06049, 0.695881,2.32246,4.32123,6.56408,9.00186
0.06148, 0.695871,2.32239,4.32103,6.56361,9.00097
0.06247, 0.695861,2.32233,4.32082,6.56313,9.00007
0.06346, 0.695851,2.32226,4.3206,6.56264,8.99915
0.06445, 0.695841,2.32219,4.32038,6.56214,8.99821
0.06544, 0.695831,2.32212,4.32016,6.56164,8.99727
0.06643, 0.69582,2.32205,4.31994,6.56113,8.99631
0.06742, 0.69581,2.32198,4.31971,6.56061,8.99533
0.06841, 0.695799,2.32191,4.31948,6.56008,8.99434
0.0694, 0.695788,2.32184,4.31924,6.55954,8.99333
0.07039, 0.695777,2.32176,4.31901,6.559,8.99231
0.07138, 0.695765,2.32169,4.31876,6.55845,8.99128
0.07237, 0.695754,2.32161,4.31852,6.55789,8.99023
0.07336, 0.695742,2.32154,4.31827,6.55733,8.98917
0.07435, 0.69573,2.32146,4.31802,6.55676,8.98809
0.07534, 0.695718,2.32138,4.31776,6.55617,8.98699
0.07633, 0.695706,2.3213,4.31751,6.55559,8.98589
0.07732, 0.695694,2.32122,4.31724,6.55499,8.98477
0.07831, 0.695682,2.32114,4.31698,6.55438,8.98363
0.0793, 0.695669,2.32105,4.31671,6.55377,8.98248
0.08029, 0.695656,2.32097,4.31644,6.55315,8.98131
0.08128, 0.695643,2.32088,4.31616,6.55253,8.98013
0.08227, 0.69563,2.3208,4.31588,6.55189,8.97894
0.08326, 0.695617,2.32071,4.3156,6.55125,8.97773
0.08425, 0.695604,2.32062,4.31532,6.5506,8.97651
0.08524, 0.69559,2.32053,4.31503,6.54994,8.97527
0.08623, 0.695577,2.32044,4.31474,6.54927,8.97401
0.08722, 0.695563,2.32035,4.31444,6.5486,8.97275
0.08821, 0.695549,2.32026,4.31414,6.54792,8.97146
0.0892, 0.695535,2.32016,4.31384,6.54723,8.97017
0.09019, 0.69552,2.32007,4.31353,6.54653,8.96886
0.09118, 0.695506,2.31997,4.31322,6.54583,8.96753
0.09217, 0.695491,2.31987,4.31291,6.54511,8.96619
0.09316, 0.695476,2.31978,4.31259,6.54439,8.96483
0.09415, 0.695461,2.31968,4.31228,6.54367,8.96346
0.09514, 0.695446,2.31958,4.31195,6.54293,8.96208
0.09613, 0.695431,2.31948,4.31163,6.54219,8.96068
0.09712, 0.695416,2.31937,4.3113,6.54143,8.95927
0.09811, 0.6954,2.31927,4.31096,6.54068,8.95784
0.0991, 0.695384,2.31917,4.31063,6.53991,8.9564
0.10009, 0.695368,2.31906,4.31029,6.53913,8.95494
0.10108, 0.695352,2.31895,4.30994,6.53835,8.95347
0.10207, 0.695336,2.31885,4.3096,6.53756,8.95198
0.10306, 0.69532,2.31874,4.30925,6.53676,8.95048
0.10405, 0.695303,2.31863,4.30889,6.53596,8.94896
0.10504, 0.695287,2.31852,4.30854,6.53514,8.94743
0.10603, 0.69527,2.31841,4.30818,6.53432,8.94588
0.10702, 0.695253,2.31829,4.30781,6.53349,8.94432
0.10801, 0.695235,2.31818,4.30745,6.53266,8.94275
0.109, 0.695218,2.31807,4.30708,6.53181,8.94116
0.10999, 0.695201,2.31795,4.3067,6.53096,8.93955
0.11098, 0.695183,2.31783,4.30632,6.5301,8.93794
0.11197, 0.695165,2.31772,4.30594,6.52923,8.9363
0.11296, 0.695147,2.3176,4.30556,6.52836,8.93465
0.11395, 0.695129,2.31748,4.30517,6.52747,8.93299
0.11494, 0.695111,2.31736,4.30478,6.52658,8.93131
0.11593, 0.695092,2.31723,4.30439,6.52568,8.92962
0.11692, 0.695074,2.31711,4.30399,6.52478,8.92791
0.11791, 0.695055,2.31699,4.30359,6.52386,8.92619
0.1189, 0.695036,2.31686,4.30318,6.52294,8.92445
0.11989, 0.695017,2.31673,4.30278,6.52201,8.9227
0.12088, 0.694998,2.31661,4.30236,6.52107,8.92093
0.12187, 0.694979,2.31648,4.30195,6.52012,8.91915
0.12286, 0.694959,2.31635,4.30153,6.51917,8.91735
0.12385, 0.694939,2.31622,4.30111,6.51821,8.91554
0.12484, 0.694919,2.31609,4.30069,6.51724,8.91372
0.12583, 0.694899,2.31595,4.30026,6.51626,8.91188
0.12682, 0.694879,2.31582,4.29982,6.51528,8.91002
0.12781, 0.694859,2.31569,4.29939,6.51428,8.90815
0.1288, 0.694838,2.31555,4.29895,6.51328,8.90626
0.12979, 0.694818,2.31541,4.29851,6.51227,8.90436
0.13078, 0.694797,2.31527,4.29806,6.51126,8.90245
0.13177, 0.694776,2.31514,4.29761,6.51023,8.90052
0.13276, 0.694755,2.315,4.29716,6.5092,8.89857
0.13375, 0.694734,2.31485,4.29671,6.50816,8.89662
0.13474, 0.694712,2.31471,4.29625,6.50711,8.89464
0.13573, 0.694691,2.31457,4.29578,6.50606,8.89265
0.13672, 0.694669,2.31442,4.29532,6.50499,8.89065
0.13771, 0.694647,2.31428,4.29485,6.50392,8.88863
0.1387, 0.694625,2.31413,4.29438,6.50284,8.88659
0.13969, 0.694603,2.31399,4.2939,6.50175,8.88454
0.14068, 0.69458,2.31384,4.29342,6.50066,8.88248
0.14167, 0.694558,2.31369,4.29294,6.49956,8.8804
0.14266, 0.694535,2.31354,4.29245,6.49845,8.87831
0.14365, 0.694512,2.31339,4.29196,6.49733,8.8762
0.14464, 0.694489,2.31323,4.29147,6.4962,8.87408
0.14563, 0.694466,2.31308,4.29097,6.49507,8.87194
0.14662, 0.694442,2.31292,4.29047,6.49392,8.86978
0.14761, 0.694419,2.31277,4.28997,6.49277,8.86762
0.1486, 0.694395,2.31261,4.28946,6.49161,8.86543
0.14959, 0.694371,2.31245,4.28895,6.49045,8.86323
0.15058, 0.694347,2.31229,4.28843,6.48927,8.86102
0.15157, 0.694323,2.31213,4.28792,6.48809,8.85879
0.15256, 0.694299,2.31197,4.28739,6.4869,8.85655
0.15355, 0.694275,2.31181,4.28687,6.4857,8.85429
0.15454, 0.69425,2.31165,4.28634,6.4845,8.85202
0.15553, 0.694225,2.31148,4.28581,6.48329,8.84973
0.15652, 0.6942,2.31132,4.28528,6.48206,8.84742
0.15751, 0.694175,2.31115,4.28474,6.48083,8.8451
0.1585, 0.69415,2.31098,4.2842,6.4796,8.84277
0.15949, 0.694124,2.31081,4.28365,6.47835,8.84042
0.16048, 0.694099,2.31065,4.2831,6.4771,8.83806
0.16147, 0.694073,2.31047,4.28255,6.47584,8.83568
0.16246, 0.694047,2.3103,4.282,6.47457,8.83328
0.16345, 0.694021,2.31013,4.28144,6.47329,8.83087
0.16444, 0.693995,2.30996,4.28087,6.47201,8.82845
0.16543, 0.693969,2.30978,4.28031,6.47071,8.82601
0.16642, 0.693942,2.3096,4.27974,6.46941,8.82355
0.16741, 0.693915,2.30943,4.27917,6.4681,8.82108
0.1684, 0.693889,2.30925,4.27859,6.46679,8.8186
0.16939, 0.693862,2.30907,4.27801,6.46546,8.8161
0.17038, 0.693834,2.30889,4.27743,6.46413,8.81358
0.17137, 0.693807,2.30871,4.27684,6.46279,8.81105
0.17236, 0.69378,2.30853,4.27625,6.46144,8.80851
0.17335, 0.693752,2.30834,4.27566,6.46008,8.80595
0.17434, 0.693724,2.30816,4.27506,6.45872,8.80337
0.17533, 0.693696,2.30797,4.27446,6.45735,8.80078
0.17632, 0.693668,2.30779,4.27386,6.45597,8.79817
0.17731, 0.69364,2.3076,4.27325,6.45458,8.79555
0.1783, 0.693611,2.30741,4.27264,6.45318,8.79291
0.17929, 0.693583,2.30722,4.27202,6.45178,8.79026
0.18028, 0.693554,2.30703,4.27141,6.45036,8.78759
0.18127, 0.693525,2.30684,4.27078,6.44894,8.78491
0.18226, 0.693496,2.30664,4.27016,6.44751,8.78221
0.18325, 0.693467,2.30645,4.26953,6.44608,8.77949
0.18424, 0.693437,2.30625,4.2689,6.44463,8.77676
0.18523, 0.693408,2.30606,4.26827,6.44318,8.77402
0.18622, 0.693378,2.30586,4.26763,6.44172,8.77126
0.18721, 0.693348,2.30566,4.26698,6.44025,8.76848
0.1882, 0.693318,2.30546,4.26634,6.43877,8.76569
0.18919, 0.693288,2.30526,4.26569,6.43729,8.76289
0.19018, 0.693258,2.30506,4.26504,6.43579,8.76006
0.19117, 0.693227,2.30486,4.26438,6.43429,8.75723
0.19216, 0.693197,2.30466,4.26372,6.43278,8.75437
0.19315, 0.693166,2.30445,4.26306,6.43127,8.75151
0.19414, 0.693135,2.30424,4.26239,6.42974,8.74862
0.19513, 0.693104,2.30404,4.26172,6.42821,8.74572
0.19612, 0.693072,2.30383,4.26105,6.42666,8.74281
0.19711, 0.693041,2.30362,4.26037,6.42512,8.73988
0.1981, 0.693009,2.30341,4.25969,6.42356,8.73693
0.19909, 0.692977,2.3032,4.25901,6.42199,8.73397
0.20008, 0.692946,2.30299,4.25832,6.42042,8.731
0.20107, 0.692913,2.30277,4.25763,6.41884,8.728
0.20206, 0.692881,2.30256,4.25693,6.41725,8.725
0.20305, 0.692849,2.30234,4.25624,6.41565,8.72197
0.20404, 0.692816,2.30213,4.25553,6.41404,8.71893
0.20503, 0.692783,2.30191,4.25483,6.41243,8.71588
0.20602, 0.692751,2.30169,4.25412,6.4108,8.71281
0.20701, 0.692718,2.30147,4.25341,6.40917,8.70972
0.208, 0.692684,2.30125,4.25269,6.40753,8.70662
0.20899, 0.692651,2.30103,4.25197,6.40589,8.7035
0.20998, 0.692617,2.30081,4.25125,6.40423,8.70037
0.21097, 0.692584,2.30058,4.25053,6.40257,8.69722
0.21196, 0.69255,2.30036,4.2498,6.4009,8.69406
0.21295, 0.692516,2.30013,4.24906,6.39922,8.69088
0.21394, 0.692482,2.2999,4.24833,6.39753,8.68768
0.21493, 0.692447,2.29968,4.24759,6.39583,8.68447
0.21592, 0.692413,2.29945,4.24684,6.39413,8.68124
0.21691, 0.692378,2.29922,4.2461,6.39241,8.678
0.2179, 0.692343,2.29898,4.24535,6.39069,8.67474
0.21889, 0.692308,2.29875,4.24459,6.38897,8.67147
0.21988, 0.692273,2.29852,4.24383,6.38723,8.66818
0.22087, 0.692238,2.29828,4.24307,6.38548,8.66487
0.22186, 0.692203,2.29805,4.24231,6.38373,8.66155
0.22285, 0.692167,2.29781,4.24154,6.38197,8.65821
0.22384, 0.692131,2.29757,4.24077,6.3802,8.65486
0.22483, 0.692095,2.29733,4.23999,6.37842,8.65149
0.22582, 0.692059,2.29709,4.23921,6.37663,8.6481
0.22681, 0.692023,2.29685,4.23843,6.37484,8.6447
0.2278, 0.691987,2.29661,4.23764,6.37303,8.64128
0.22879, 0.69195,2.29637,4.23686,6.37122,8.63785
0.22978, 0.691913,2.29612,4.23606,6.3694,8.6344
0.23077, 0.691876,2.29588,4.23527,6.36758,8.63093
0.23176, 0.691839,2.29563,4.23447,6.36574,8.62745
0.23275, 0.691802,2.29538,4.23366,6.36389,8.62396
0.23374, 0.691765,2.29513,4.23285,6.36204,8.62044
0.23473, 0.691727,2.29488,4.23204,6.36018,8.61691
0.23572, 0.69169,2.29463,4.23123,6.35831,8.61337
0.23671, 0.691652,2.29438,4.23041,6.35643,8.6098
0.2377, 0.691614,2.29413,4.22959,6.35455,8.60623
0.23869, 0.691576,2.29387,4.22876,6.35265,8.60263
0.23968, 0.691537,2.29362,4.22794,6.35075,8.59902
0.24067, 0.691499,2.29336,4.2271,6.34884,8.59539
0.24166, 0.69146,2.2931,4.22627,6.34692,8.59175
0.24265, 0.691421,2.29285,4.22543,6.34499,8.58809
0.24364, 0.691382,2.29259,4.22459,6.34306,8.58442
0.24463, 0.691343,2.29233,4.22374,6.34111,8.58073
0.24562, 0.691304,2.29206,4.22289,6.33916,8.57702
0.24661, 0.691264,2.2918,4.22204,6.3372,8.57329
0.2476, 0.691225,2.29154,4.22118,6.33523,8.56955
0.24859, 0.691185,2.29127,4.22032,6.33325,8.5658
0.24958, 0.691145,2.29101,4.21945,6.33126,8.56202
0.25057, 0.691105,2.29074,4.21859,6.32927,8.55823
0.25156, 0.691065,2.29047,4.21771,6.32727,8.55443
0.25255, 0.691024,2.2902,4.21684,6.32526,8.55061
0.25354, 0.690984,2.28993,4.21596,6.32324,8.54677
0.25453, 0.690943,2.28966,4.21508,6.32121,8.54291
0.25552, 0.690902,2.28939,4.21419,6.31917,8.53904
0.25651, 0.690861,2.28911,4.2133,6.31712,8.53515
0.2575, 0.69082,2.28884,4.21241,6.31507,8.53125
0.25849, 0.690779,2.28856,4.21151,6.31301,8.52733
0.25948, 0.690737,2.28829,4.21061,6.31094,8.52339
0.26047, 0.690695,2.28801,4.20971,6.30886,8.51944
0.26146, 0.690653,2.28773,4.2088,6.30677,8.51546
0.26245, 0.690611,2.28745,4.20789,6.30468,8.51148
0.26344, 0.690569,2.28717,4.20698,6.30257,8.50747
0.26443, 0.690527,2.28689,4.20606,6.30046,8.50345
0.26542, 0.690484,2.2866,4.20514,6.29834,8.49941
0.26641, 0.690442,2.28632,4.20421,6.29621,8.49536
0.2674, 0.690399,2.28603,4.20328,6.29407,8.49129
0.26839, 0.690356,2.28575,4.20235,6.29192,8.4872
0.26938, 0.690313,2.28546,4.20141,6.28976,8.4831
0.27037, 0.69027,2.28517,4.20047,6.2876,8.47898
0.27136, 0.690226,2.28488,4.19953,6.28543,8.47484
0.27235, 0.690182,2.28459,4.19858,6.28324,8.47068
0.27334, 0.690139,2.2843,4.19763,6.28105,8.46651
0.27433, 0.690095,2.284,4.19668,6.27886,8.46232
0.27532, 0.690051,2.28371,4.19572,6.27665,8.45812
0.27631, 0.690006,2.28341,4.19476,6.27443,8.45389
0.2773, 0.689962,2.28312,4.19379,6.27221,8.44965
0.27829, 0.689917,2.28282,4.19282,6.26998,8.4454
0.27928, 0.689873,2.28252,4.19185,6.26773,8.44112
0.28027, 0.689828,2.28222,4.19087,6.26548,8.43683
0.28126, 0.689783,2.28192,4.18989,6.26322,8.43253
0.28225, 0.689737,2.28162,4.18891,6.26096,8.4282
0.28324, 0.689692,2.28131,4.18792,6.25868,8.42386
0.28423, 0.689647,2.28101,4.18693,6.25639,8.4195
0.28522, 0.689601,2.28071,4.18594,6.2541,8.41512
0.28621, 0.689555,2.2804,4.18494,6.2518,8.41073
0.2872, 0.689509,2.28009,4.18394,6.24949,8.40632
0.28819, 0.689463,2.27978,4.18293,6.24717,8.40189
0.28918, 0.689416,2.27947,4.18192,6.24484,8.39745
0.29017, 0.68937,2.27916,4.18091,6.2425,8.39298
0.29116, 0.689323,2.27885,4.17989,6.24016,8.3885
0.29215, 0.689276,2.27854,4.17887,6.2378,8.38401
0.29314, 0.689229,2.27822,4.17785,6.23544,8.37949
0.29413, 0.689182,2.27791,4.17682,6.23306,8.37496
0.29512, 0.689135,2.27759,4.17579,6.23068,8.37041
0.29611, 0.689087,2.27728,4.17475,6.22829,8.36584
0.2971, 0.68904,2.27696,4.17371,6.2259,8.36126
0.29809, 0.688992,2.27664,4.17267,6.22349,8.35665
0.29908, 0.688944,2.27632,4.17163,6.22107,8.35204
0.30007, 0.688896,2.27599,4.17058,6.21865,8.3474
0.30106, 0.688848,2.27567,4.16952,6.21621,8.34274
0.30205, 0.688799,2.27535,4.16847,6.21377,8.33807
0.30304, 0.68875,2.27502,4.1674,6.21132,8.33338
0.30403, 0.688702,2.2747,4.16634,6.20886,8.32867
0.30502, 0.688653,2.27437,4.16527,6.20639,8.32395
0.30601, 0.688604,2.27404,4.1642,6.20391,8.3192
0.307, 0.688554,2.27371,4.16312,6.20142,8.31444
0.30799, 0.688505,2.27338,4.16205,6.19893,8.30966
0.30898, 0.688455,2.27305,4.16096,6.19642,8.30486
0.30997, 0.688406,2.27272,4.15988,6.19391,8.30005
0.31096, 0.688356,2.27238,4.15878,6.19138,8.29522
0.31195, 0.688306,2.27205,4.15769,6.18885,8.29036
0.31294, 0.688255,2.27171,4.15659,6.18631,8.28549
0.31393, 0.688205,2.27137,4.15549,6.18376,8.28061
0.31492, 0.688155,2.27104,4.15439,6.1812,8.2757
0.31591, 0.688104,2.2707,4.15328,6.17864,8.27078
0.3169, 0.688053,2.27036,4.15216,6.17606,8.26584
0.31789, 0.688002,2.27001,4.15105,6.17347,8.26088
0.31888, 0.687951,2.26967,4.14993,6.17088,8.2559
0.31987, 0.687899,2.26933,4.1488,6.16827,8.2509
0.32086, 0.687848,2.26898,4.14767,6.16566,8.24589
0.32185, 0.687796,2.26864,4.14654,6.16304,8.24085
0.32284, 0.687744,2.26829,4.14541,6.16041,8.2358
0.32383, 0.687692,2.26794,4.14427,6.15777,8.23073
0.32482, 0.68764,2.26759,4.14312,6.15512,8.22565
0.32581, 0.687588,2.26724,4.14198,6.15246,8.22054
0.3268, 0.687535,2.26689,4.14083,6.14979,8.21541
0.32779, 0.687483,2.26654,4.13967,6.14712,8.21027
0.32878, 0.68743,2.26618,4.13851,6.14443,8.20511
0.32977, 0.687377,2.26583,4.13735,6.14173,8.19992
0.33076, 0.687324,2.26547,4.13619,6.13903,8.19472
0.33175, 0.68727,2.26511,4.13502,6.13632,8.1895
0.33274, 0.687217,2.26476,4.13384,6.13359,8.18427
0.33373, 0.687163,2.2644,4.13267,6.13086,8.17901
0.33472, 0.687109,2.26404,4.13149,6.12812,8.17374
0.33571, 0.687056,2.26367,4.1303,6.12537,8.16844
0.3367, 0.687001,2.26331,4.12911,6.12261,8.16313
0.33769, 0.686947,2.26295,4.12792,6.11984,8.1578
0.33868, 0.686893,2.26258,4.12673,6.11707,8.15245
0.33967, 0.686838,2.26222,4.12553,6.11428,8.14707
0.34066, 0.686783,2.26185,4.12432,6.11148,8.14169
0.34165, 0.686728,2.26148,4.12311,6.10868,8.13628
0.34264, 0.686673,2.26111,4.1219,6.10586,8.13085
0.34363, 0.686618,2.26074,4.12069,6.10304,8.1254
0.34462, 0.686563,2.26037,4.11947,6.1002,8.11993
0.34561, 0.686507,2.25999,4.11825,6.09736,8.11445
0.3466, 0.686451,2.25962,4.11702,6.09451,8.10894
0.34759, 0.686395,2.25925,4.11579,6.09164,8.10342
0.34858, 0.686339,2.25887,4.11456,6.08877,8.09787
0.34957, 0.686283,2.25849,4.11332,6.08589,8.09231
0.35056, 0.686227,2.25811,4.11208,6.083,8.08673
0.35155, 0.68617,2.25773,4.11083,6.0801,8.08113
0.35254, 0.686113,2.25735,4.10958,6.07719,8.0755
0.35353, 0.686057,2.25697,4.10833,6.07427,8.06987
0.35452, 0.685999,2.25659,4.10707,6.07134,8.06421
0.35551, 0.685942,2.2562,4.10581,6.06841,8.05853
0.3565, 0.685885,2.25582,4.10454,6.06546,8.05283
0.35749, 0.685827,2.25543,4.10327,6.0625,8.04711
0.35848, 0.68577,2.25504,4.102,6.05954,8.04136
0.35947, 0.685712,2.25466,4.10072,6.05656,8.0356
0.36046, 0.685654,2.25427,4.09944,6.05357,8.02982
0.36145, 0.685596,2.25387,4.09816,6.05058,8.02401
0.36244, 0.685537,2.25348,4.09687,6.04757,8.01818
0.36343, 0.685479,2.25309,4.09558,6.04456,8.01233
0.36442, 0.68542,2.25269,4.09428,6.04153,8.00646
0.36541, 0.685361,2.2523,4.09298,6.0385,8.00057
0.3664, 0.685302,2.2519,4.09168,6.03546,7.99466
0.36739, 0.685243,2.2515,4.09037,6.0324,7.98873
0.36838, 0.685184,2.25111,4.08906,6.02934,7.98279
0.36937, 0.685124,2.25071,4.08774,6.02627,7.97682
0.37036, 0.685065,2.2503,4.08642,6.02318,7.97083
0.37135, 0.685005,2.2499,4.0851,6.02009,7.96483
0.37234, 0.684945,2.2495,4.08377,6.01699,7.9588
0.37333, 0.684885,2.24909,4.08244,6.01388,7.95275
0.37432, 0.684824,2.24869,4.08111,6.01076,7.94669
0.37531, 0.684764,2.24828,4.07977,6.00762,7.9406
0.3763, 0.684703,2.24787,4.07842,6.00448,7.93449
0.37729, 0.684642,2.24746,4.07708,6.00133,7.92835
0.37828, 0.684582,2.24705,4.07572,5.99816,7.9222
0.37927, 0.68452,2.24664,4.07437,5.99499,7.91601
0.38026, 0.684459,2.24623,4.07301,5.99181,7.9098
0.38125, 0.684398,2.24582,4.07165,5.98861,7.90357
0.38224, 0.684336,2.2454,4.07028,5.98541,7.89731
0.38323, 0.684274,2.24498,4.06891,5.9822,7.89103
0.38422, 0.684212,2.24457,4.06753,5.97897,7.88473
0.38521, 0.68415,2.24415,4.06615,5.97574,7.87841
0.3862, 0.684088,2.24373,4.06477,5.9725,7.87207
0.38719, 0.684026,2.24331,4.06338,5.96925,7.86571
0.38818, 0.683963,2.24289,4.06199,5.96599,7.85934
0.38917, 0.6839,2.24246,4.0606,5.96272,7.85296
0.39016, 0.683837,2.24204,4.0592,5.95944,7.84656
0.39115, 0.683774,2.24161,4.0578,5.95615,7.84016
0.39214, 0.683711,2.24119,4.05639,5.95285,7.83374
0.39313, 0.683647,2.24076,4.05498,5.94954,7.82731
0.39412, 0.683584,2.24033,4.05356,5.94623,7.82086
0.39511, 0.68352,2.2399,4.05214,5.9429,7.8144
0.3961, 0.683456,2.23947,4.05072,5.93956,7.80792
0.39709, 0.683392,2.23904,4.04929,5.93621,7.80141
0.39808, 0.683328,2.2386,4.04786,5.93284,7.79488
0.39907, 0.683263,2.23817,4.04643,5.92947,7.78831
0.40006, 0.683199,2.23773,4.04499,5.92609,7.7817
0.40105, 0.683134,2.2373,4.04354,5.92269,7.77505
0.40204, 0.683069,2.23686,4.0421,5.91928,7.76836
0.40303, 0.683004,2.23642,4.04064,5.91586,7.76162
0.40402, 0.682939,2.23598,4.03919,5.91243,7.75483
0.40501, 0.682874,2.23554,4.03773,5.90899,7.748
0.406, 0.682808,2.2351,4.03626,5.90554,7.74113
0.40699, 0.682742,2.23465,4.0348,5.90208,7.73421
0.40798, 0.682676,2.23421,4.03333,5.89861,7.72726
0.40897, 0.68261,2.23376,4.03185,5.89513,7.72028
0.40996, 0.682544,2.23331,4.03037,5.89164,7.71327
0.41095, 0.682478,2.23287,4.02889,5.88814,7.70625
0.41194, 0.682411,2.23242,4.0274,5.88464,7.69921
0.41293, 0.682345,2.23197,4.02591,5.88113,7.69217
0.41392, 0.682278,2.23151,4.02442,5.8776,7.68513
0.41491, 0.682211,2.23106,4.02292,5.87407,7.67809
0.4159, 0.682143,2.23061,4.02141,5.87053,7.67106
0.41689, 0.682076,2.23015,4.0199,5.86697,7.66402
0.41788, 0.682009,2.22969,4.01839,5.86341,7.657
0.41887, 0.681941,2.22924,4.01687,5.85983,7.64997
0.41986, 0.681873,2.22878,4.01535,5.85623,7.64293
0.42085, 0.681805,2.22832,4.01383,5.85263,7.63587
0.42184, 0.681737,2.22786,4.01229,5.849,7.62879
0.42283, 0.681668,2.22739,4.01076,5.84536,7.62168
0.42382, 0.6816,2.22693,4.00922,5.8417,7.61452
0.42481, 0.681531,2.22646,4.00767,5.83802,7.60732
0.4258, 0.681462,2.226,4.00612,5.83433,7.60004
0.42679, 0.681393,2.22553,4.00457,5.83062,7.5927
0.42778, 0.681324,2.22506,4.00301,5.82689,7.58529
0.42877, 0.681255,2.22459,4.00145,5.82315,7.5778
0.42976, 0.681185,2.22412,3.99988,5.81939,7.57024
0.43075, 0.681116,2.22365,3.99831,5.81563,7.56261
0.43174, 0.681046,2.22318,3.99674,5.81185,7.55492
0.43273, 0.680976,2.2227,3.99516,5.80807,7.54718
0.43372, 0.680906,2.22223,3.99358,5.80428,7.53941
0.43471, 0.680835,2.22175,3.99199,5.80049,7.53162
0.4357, 0.680765,2.22127,3.9904,5.79669,7.52383
0.43669, 0.680694,2.22079,3.98881,5.7929,7.51606
0.43768, 0.680623,2.22031,3.98722,5.78911,7.50833
0.43867, 0.680552,2.21983,3.98562,5.78532,7.50066
0.43966, 0.680481,2.21935,3.98401,5.78153,7.49307
0.44065, 0.68041,2.21887,3.98241,5.77775,7.48557
0.44164, 0.680338,2.21838,3.9808,5.77396,7.47817
0.44263, 0.680267,2.21789,3.97918,5.77018,7.47088
0.44362, 0.680195,2.21741,3.97756,5.7664,7.4637
0.44461, 0.680123,2.21692,3.97594,5.76261,7.45663
0.4456, 0.68005,2.21643,3.97431,5.75881,7.44965
0.44659, 0.679978,2.21594,3.97267,5.75501,7.44276
0.44758, 0.679906,2.21544,3.97103,5.75119,7.43592
0.44857, 0.679833,2.21495,3.96938,5.74735,7.4291
0.44956, 0.67976,2.21445,3.96773,5.7435,7.42228
0.45055, 0.679687,2.21396,3.96608,5.73962,7.41542
0.45154, 0.679614,2.21346,3.96441,5.73572,7.40846
0.45253, 0.67954,2.21296,3.96275,5.73178,7.40138
0.45352, 0.679467,2.21246,3.96108,5.72782,7.39412
0.45451, 0.679393,2.21196,3.9594,5.72383,7.38664
0.4555, 0.679319,2.21146,3.95772,5.71981,7.37891
0.45649, 0.679245,2.21096,3.95603,5.71575,7.37089
0.45748, 0.679171,2.21045,3.95435,5.71167,7.36256
0.45847, 0.679097,2.20995,3.95266,5.70756,7.35391
0.45946, 0.679022,2.20944,3.95096,5.70343,7.34491
0.46045, 0.678948,2.20893,3.94927,5.69927,7.33559
0.46144, 0.678873,2.20842,3.94757,5.6951,7.32595
0.46243, 0.678798,2.20792,3.94587,5.69092,7.31601
0.46342, 0.678723,2.20741,3.94416,5.68673,7.3058
0.46441, 0.678648,2.20689,3.94246,5.68254,7.29537
0.4654, 0.678572,2.20638,3.94076,5.67835,7.28476
0.46639, 0.678497,2.20587,3.93905,5.67416,7.27403
0.46738, 0.678421,2.20535,3.93734,5.66998,7.26323
0.46837, 0.678345,2.20484,3.93563,5.66581,7.25241
0.46936, 0.678269,2.20432,3.93392,5.66166,7.24164
0.47035, 0.678192,2.2038,3.9322,5.65751,7.23097
0.47134, 0.678116,2.20328,3.93048,5.65338,7.22046
0.47233, 0.678039,2.20276,3.92876,5.64926,7.21016
0.47332, 0.677963,2.20224,3.92702,5.64514,7.20011
0.47431, 0.677886,2.20172,3.92529,5.64102,7.19035
0.4753, 0.677808,2.20119,3.92354,5.6369,7.18091
0.47629, 0.677731,2.20067,3.92179,5.63277,7.17181
0.47728, 0.677654,2.20014,3.92003,5.62862,7.16306
0.47827, 0.677576,2.19961,3.91826,5.62444,7.15466
0.47926, 0.677498,2.19908,3.91648,5.62023,7.14659
0.48025, 0.67742,2.19854,3.91468,5.61598,7.13882
0.48124, 0.677342,2.19801,3.91288,5.61167,7.13132
0.48223, 0.677263,2.19747,3.91106,5.6073,7.12404
0.48322, 0.677185,2.19694,3.90924,5.60286,7.11691
0.48421, 0.677106,2.1964,3.9074,5.59836,7.10987
0.4852, 0.677027,2.19586,3.90555,5.59377,7.10284
0.48619, 0.676948,2.19531,3.90368,5.5891,7.09573
0.48718, 0.676869,2.19477,3.90181,5.58436,7.08847
0.48817, 0.676789,2.19423,3.89993,5.57953,7.08098
0.48916, 0.67671,2.19368,3.89804,5.57463,7.07319
0.49015, 0.67663,2.19313,3.89614,5.56965,7.06504
0.49114, 0.676551,2.19259,3.89424,5.56462,7.05648
0.49213, 0.676471,2.19204,3.89233,5.55953,7.04748
0.49312, 0.676391,2.19149,3.89042,5.5544,7.03803
0.49411, 0.67631,2.19094,3.88851,5.54924,7.02812
0.4951, 0.67623,2.19039,3.8866,5.54406,7.01777
0.49609, 0.676149,2.18983,3.88469,5.53889,7.00701
0.49708, 0.676069,2.18928,3.88278,5.53373,6.99588
0.49807, 0.675988,2.18873,3.88087,5.52861,6.98444
0.49906, 0.675907,2.18817,3.87897,5.52354,6.97276
0.50005, 0.675825,2.18762,3.87708,5.51854,6.96089
0.50104, 0.675744,2.18706,3.87519,5.51362,6.94892
0.50203, 0.675662,2.1865,3.8733,5.5088,6.93692
0.50302, 0.675581,2.18595,3.87142,5.50409,6.92498
0.50401, 0.675499,2.18539,3.86955,5.4995,6.91317
0.505, 0.675417,2.18483,3.86769,5.49503,6.90157
0.50599, 0.675334,2.18426,3.86582,5.49071,6.89028
0.50698, 0.675251,2.1837,3.86397,5.48652,6.87936
0.50797, 0.675169,2.18313,3.86211,5.48248,6.8689
0.50896, 0.675086,2.18256,3.86025,5.47857,6.85896
0.50995, 0.675002,2.182,3.8584,5.4748,6.84963
0.51094, 0.674919,2.18142,3.85654,5.47114,6.84096
0.51193, 0.674835,2.18085,3.85468,5.4676,6.83303
0.51292, 0.674751,2.18027,3.85281,5.46415,6.82588
0.51391, 0.674667,2.1797,3.85093,5.46078,6.81956
0.5149, 0.674582,2.17911,3.84904,5.45746,6.8141
0.51589, 0.674497,2.17853,3.84714,5.45417,6.80952
0.51688, 0.674413,2.17795,3.84523,5.45089,6.80583
0.51787, 0.674327,2.17736,3.8433,5.44757,6.80298
0.51886, 0.674242,2.17677,3.84136,5.44421,6.80092
0.51985, 0.674157,2.17618,3.8394,5.44075,6.79954
0.52084, 0.674071,2.17559,3.83742,5.43719,6.79869
0.52183, 0.673985,2.17499,3.83543,5.43348,6.79813
0.52282, 0.6739,2.1744,3.83342,5.4296,6.79758
0.52381, 0.673814,2.1738,3.83139,5.42553,6.79664
0.5248, 0.673727,2.1732,3.82935,5.42125,6.79484
0.52579, 0.673641,2.17261,3.82729,5.41673,6.79166
0.52678, 0.673555,2.17201,3.82523,5.41197,6.78656
0.52777, 0.673469,2.17141,3.82315,5.40696,6.77903
0.52876, 0.673382,2.17081,3.82106,5.40169,6.76873
0.52975, 0.673296,2.17021,3.81897,5.39617,6.7555
0.53074, 0.673209,2.16962,3.81687,5.39039,6.73942
0.53173, 0.673123,2.16902,3.81478,5.38437,6.72072
0.53272, 0.673036,2.16842,3.81268,5.37813,6.69978
0.53371, 0.67295,2.16783,3.81059,5.37167,6.67702
0.5347, 0.672863,2.16724,3.80851,5.36502,6.65284
0.53569, 0.672776,2.16665,3.80644,5.35821,6.6276
0.53668, 0.67269,2.16606,3.80438,5.35126,6.60165
0.53767, 0.672603,2.16547,3.80234,5.34419,6.57523
0.53866, 0.672516,2.16488,3.80031,5.33705,6.54859
0.53965, 0.672429,2.16429,3.79831,5.32985,6.52191
0.54064, 0.672342,2.16371,3.79632,5.32263,6.49533
0.54163, 0.672255,2.16312,3.79435,5.31543,6.46899
0.54262, 0.672168,2.16254,3.7924,5.30826,6.443
0.54361, 0.67208,2.16196,3.79047,5.30116,6.41745
0.5446, 0.671993,2.16137,3.78855,5.29416,6.39243
0.54559, 0.671905,2.16079,3.78665,5.28727,6.368
0.54658, 0.671817,2.1602,3.78477,5.28054,6.34423
0.54757, 0.671728,2.15962,3.78289,5.27396,6.32119
0.54856, 0.67164,2.15903,3.78103,5.26757,6.29894
0.54955, 0.671551,2.15844,3.77916,5.26138,6.27754
0.55054, 0.671462,2.15784,3.77729,5.25539,6.25704
0.55153, 0.671373,2.15724,3.77542,5.24961,6.23752
0.55252, 0.671283,2.15664,3.77353,5.24404,6.21902
0.55351, 0.671193,2.15604,3.77163,5.23868,6.20163
0.5545, 0.671102,2.15543,3.7697,5.23351,6.1854
0.55549, 0.671011,2.15481,3.76775,5.22853,6.17041
0.55648, 0.67092,2.15419,3.76576,5.22371,6.15673
0.55747, 0.670829,2.15357,3.76372,5.21902,6.14444
0.55846, 0.670737,2.15293,3.76165,5.21445,6.13362
0.55945, 0.670645,2.15229,3.75952,5.20995,6.12435
0.56044, 0.670552,2.15165,3.75733,5.20548,6.11673
0.56143, 0.67046,2.151,3.75508,5.20101,6.11083
0.56242, 0.670366,2.15034,3.75277,5.19648,6.10675
0.56341, 0.670273,2.14968,3.75039,5.19187,6.10457
0.5644, 0.670179,2.14901,3.74795,5.18711,6.10438
0.56539, 0.670086,2.14833,3.74543,5.18218,6.10625
0.56638, 0.669991,2.14765,3.74284,5.17703,6.11027
0.56737, 0.669897,2.14696,3.74019,5.17163,6.1165
0.56836, 0.669803,2.14627,3.73746,5.16595,6.125
0.56935, 0.669708,2.14558,3.73467,5.15996,6.13583
0.57034, 0.669613,2.14488,3.73182,5.15366,6.14904
0.57133, 0.669519,2.14417,3.72892,5.14704,6.16467
0.57232, 0.669424,2.14347,3.72596,5.14009,6.18273
0.57331, 0.669329,2.14276,3.72295,5.13282,6.20326
0.5743, 0.669234,2.14205,3.7199,5.12524,6.22626
0.57529, 0.669139,2.14134,3.71683,5.11738,6.25174
0.57628, 0.669044,2.14064,3.71372,5.10925,6.27969
0.57727, 0.668949,2.13993,3.71061,5.10088,6.31012
0.57826, 0.668854,2.13922,3.70749,5.09231,6.34301
0.57925, 0.66876,2.13851,3.70437,5.08356,6.37833
0.58024, 0.668665,2.13781,3.70126,5.07468,6.41606
0.58123, 0.66857,2.13711,3.69817,5.06569,6.45617
0.58222, 0.668475,2.13641,3.69511,5.05664,6.49859
0.58321, 0.668381,2.13572,3.6921,5.04755,6.54325
0.5842, 0.668286,2.13503,3.68913,5.03848,6.58998
0.58519, 0.668191,2.13434,3.68622,5.02945,6.63847
0.58618, 0.668096,2.13366,3.68338,5.02051,6.68788
0.58717, 0.668002,2.13299,3.68061,5.01168,6.73523
0.58816, 0.667907,2.13232,3.67792,5.00301,6.76574
0.58915, 0.667811,2.13165,3.67531,4.99453,6.74926
0.59014, 0.667716,2.13098,3.6728,4.98627,6.7076
0.59113, 0.667621,2.13033,3.67039,4.97827,6.66062
0.59212, 0.667525,2.12967,3.66807,4.97057,6.61244
0.59311, 0.667429,2.12902,3.66587,4.96319,6.5641
0.5941, 0.667332,2.12837,3.66376,4.95617,6.51599
0.59509, 0.667235,2.12772,3.66176,4.94954,6.46826
0.59608, 0.667138,2.12707,3.65987,4.94334,6.421
0.59707, 0.66704,2.12643,3.65808,4.93759,6.37427
0.59806, 0.666941,2.12579,3.65639,4.93233,6.32807
0.59905, 0.666842,2.12514,3.6548,4.9276,6.28245
0.60004, 0.666743,2.12449,3.65331,4.92341,6.23741
0.60103, 0.666642,2.12384,3.6519,4.91981,6.19295
0.60202, 0.666542,2.12319,3.65056,4.91683,6.14911
0.60301, 0.66644,2.12254,3.6493,4.91448,6.10587
0.604, 0.666338,2.12188,3.6481,4.91281,6.06326
0.60499, 0.666235,2.12121,3.64695,4.91184,6.02128
0.60598, 0.666131,2.12054,3.64584,4.91159,5.97996
0.60697, 0.666027,2.11987,3.64476,4.91209,5.93929
0.60796, 0.665922,2.11918,3.64369,4.91335,5.8993
0.60895, 0.665816,2.11849,3.64263,4.9154,5.86002
0.60994, 0.66571,2.11779,3.64155,4.91824,5.82146
0.61093, 0.665603,2.11709,3.64045,4.92188,5.78367
0.61192, 0.665495,2.11637,3.63931,4.92631,5.74668
0.61291, 0.665387,2.11565,3.63812,4.93152,5.71053
0.6139, 0.665279,2.11492,3.63686,4.93748,5.6753
0.61489, 0.66517,2.11418,3.63553,4.94415,5.64107
0.61588, 0.665061,2.11343,3.63411,4.95145,5.60793
0.61687, 0.664952,2.11267,3.63258,4.95929,5.57601
0.61786, 0.664842,2.11191,3.63095,4.96753,5.54549
0.61885, 0.664732,2.11114,3.62921,4.97597,5.51658
0.61984, 0.664623,2.11036,3.62733,4.98438,5.48956
0.62083, 0.664513,2.10958,3.62533,4.9924,5.4648
0.62182, 0.664404,2.1088,3.62319,4.99961,5.44274
0.62281, 0.664295,2.10801,3.62091,5.00549,5.42395
0.6238, 0.664186,2.10722,3.61849,5.00943,5.40903
0.62479, 0.664077,2.10643,3.61593,5.01082,5.39862
0.62578, 0.66397,2.10563,3.61323,5.00911,5.39329
0.62677, 0.663862,2.10484,3.61039,5.004,5.39336
0.62776, 0.663756,2.10405,3.60742,4.99543,5.3989
0.62875, 0.66365,2.10327,3.60432,4.98362,5.40969
0.62974, 0.663545,2.10249,3.60109,4.96902,5.42533
0.63073, 0.663441,2.10171,3.59775,4.95211,5.44531
0.63172, 0.663338,2.10095,3.59431,4.93341,5.46916
0.63271, 0.663236,2.10019,3.59076,4.91335,5.49643
0.6337, 0.663135,2.09944,3.58713,4.89229,5.52677
0.63469, 0.663035,2.0987,3.58342,4.87055,5.5599
0.63568, 0.662936,2.09797,3.57964,4.84834,5.59558
0.63667, 0.662838,2.09725,3.5758,4.82586,5.63365
0.63766, 0.662741,2.09655,3.57192,4.80324,5.67397
0.63865, 0.662645,2.09586,3.56801,4.7806,5.71643
0.63964, 0.662551,2.09519,3.56407,4.75803,5.76096
0.64063, 0.662457,2.09453,3.56012,4.73561,5.80748
0.64162, 0.662365,2.09389,3.55618,4.71338,5.85596
0.64261, 0.662273,2.09326,3.55225,4.69141,5.90635
0.6436, 0.662182,2.09265,3.54835,4.66972,5.95862
0.64459, 0.662093,2.09205,3.54448,4.64836,6.01275
0.64558, 0.662003,2.09147,3.54065,4.62735,6.06872
0.64657, 0.661915,2.0909,3.53689,4.60672,6.12651
0.64756, 0.661827,2.09034,3.53319,4.5865,6.18613
0.64855, 0.661739,2.0898,3.52956,4.5667,6.24755
0.64954, 0.661652,2.08927,3.52602,4.54735,6.31078
0.65053, 0.661565,2.08875,3.52256,4.52847,6.37582
0.65152, 0.661478,2.08825,3.51921,4.51006,6.44266
0.65251, 0.66139,2.08774,3.51595,4.49216,6.5113
0.6535, 0.661303,2.08725,3.5128,4.47479,6.58175
0.65449, 0.661215,2.08676,3.50976,4.45795,6.654
0.65548, 0.661127,2.08627,3.50683,4.44166,6.72808
0.65647, 0.661038,2.08578,3.50401,4.42596,6.80397
0.65746, 0.660948,2.08529,3.5013,4.41086,6.88169
0.65845, 0.660857,2.0848,3.4987,4.39638,6.96125
0.65944, 0.660765,2.08429,3.49621,4.38254,7.04265
0.66043, 0.660672,2.08379,3.49381,4.36937,7.12589
0.66142, 0.660577,2.08326,3.49151,4.3569,7.211
0.66241, 0.660481,2.08273,3.4893,4.34514,7.29798
0.6634, 0.660383,2.08218,3.48715,4.33413,7.38684
0.66439, 0.660284,2.08161,3.48507,4.32389,7.47759
0.66538, 0.660183,2.08102,3.48304,4.31447,7.57022
0.66637, 0.660079,2.08041,3.48104,4.30587,7.66461
0.66736, 0.659974,2.07977,3.47907,4.29815,7.6517
0.66835, 0.659867,2.0791,3.47709,4.29134,7.59252
0.66934, 0.659757,2.0784,3.4751,4.28545,7.53375
0.67033, 0.659645,2.07768,3.47307,4.28054,7.47545
0.67132, 0.659531,2.07691,3.47098,4.27664,7.41761
0.67231, 0.659415,2.07612,3.46882,4.27378,7.36023
0.6733, 0.659297,2.07528,3.46657,4.27199,7.30331
0.67429, 0.659176,2.07441,3.46421,4.2713,7.24685
0.67528, 0.659053,2.0735,3.46171,4.27176,7.19084
0.67627, 0.658927,2.07256,3.45907,4.27338,7.13529
0.67726, 0.6588,2.07157,3.45626,4.2762,7.08019
0.67825, 0.65867,2.07054,3.45328,4.28024,7.02554
0.67924, 0.658539,2.06947,3.45011,4.28553,6.97133
0.68023, 0.658405,2.06836,3.44675,4.29209,6.91757
0.68122, 0.658269,2.06722,3.44319,4.29993,6.86425
0.68221, 0.658132,2.06603,3.43942,4.30908,6.81137
0.6832, 0.657993,2.06481,3.43544,4.31954,6.75893
0.68419, 0.657853,2.06356,3.43126,4.33132,6.70692
0.68518, 0.657711,2.06226,3.42687,4.34444,6.65535
0.68617, 0.657568,2.06094,3.42229,4.3589,6.60421
0.68716, 0.657424,2.05958,3.41752,4.37469,6.55349
0.68815, 0.657279,2.0582,3.41257,4.39183,6.50321
0.68914, 0.657133,2.05679,3.40745,4.41031,6.45334
0.69013, 0.656987,2.05536,3.40217,4.43013,6.40391
0.69112, 0.65684,2.0539,3.39674,4.45129,6.35489
0.69211, 0.656693,2.05243,3.39118,4.47378,6.30629
0.6931, 0.656546,2.05095,3.3855,4.4976,6.25811
0.69409, 0.656399,2.04945,3.37972,4.52274,6.21034
0.69508, 0.656252,2.04794,3.37386,4.54921,6.16299
0.69607, 0.656106,2.04642,3.36791,4.57698,6.11605
0.69706, 0.65596,2.04491,3.36191,4.60607,6.06952
0.69805, 0.655816,2.04339,3.35586,4.63646,6.02339
0.69904, 0.655672,2.04188,3.34978,4.66815,5.97768
0.70003, 0.655529,2.04038,3.34368,4.70113,5.93237
0.70102, 0.655388,2.03888,3.33759,4.73539,5.88747
0.70201, 0.655248,2.03741,3.3315,4.77094,5.84298
0.703, 0.655109,2.03594,3.32543,4.80777,5.79889
0.70399, 0.654972,2.0345,3.3194,4.84586,5.75521
0.70498, 0.654837,2.03309,3.31342,4.88522,5.71194
0.70597, 0.654703,2.0317,3.30751,4.92584,5.66909
0.70696, 0.654572,2.03034,3.30166,4.9677,5.62666
0.70795, 0.654442,2.02901,3.2959,5.01079,5.58468
0.70894, 0.654314,2.02772,3.29023,5.05506,5.54318
0.70993, 0.654188,2.02647,3.28467,5.10048,5.5022
0.71092, 0.654065,2.02526,3.27922,5.14689,5.46188
0.71191, 0.653943,2.02409,3.2739,5.19399,5.42255
0.7129, 0.653824,2.02296,3.26872,5.24066,5.38532
0.71389, 0.653706,2.02188,3.26369,5.28051,5.35657
0.71488, 0.65359,2.02085,3.25882,5.28218,5.36767
0.71587, 0.653477,2.01987,3.25411,5.25151,5.41278
0.71686, 0.653365,2.01894,3.24957,5.21529,5.46511
0.71785, 0.653255,2.01806,3.24523,5.17804,5.52015
0.71884, 0.653147,2.01724,3.24108,5.14064,5.57703
0.71983, 0.65304,2.01647,3.23713,5.10335,5.63548
0.72082, 0.652935,2.01575,3.23341,5.06628,5.69539
0.72181, 0.652831,2.01509,3.2299,5.0295,5.75671
0.7228, 0.652728,2.01448,3.22663,4.99302,5.81942
0.72379, 0.652626,2.01392,3.2236,4.95686,5.88352
0.72478, 0.652525,2.01342,3.22083,4.92103,5.94899
0.72577, 0.652425,2.01297,3.21832,4.88554,6.01584
0.72676, 0.652326,2.01257,3.21608,4.85039,6.08408
0.72775, 0.652227,2.01221,3.21412,4.81559,6.1537
0.72874, 0.652128,2.01191,3.21245,4.78112,6.22471
0.72973, 0.652029,2.01165,3.21109,4.74701,6.29712
0.73072, 0.65193,2.01144,3.21003,4.71324,6.37093
0.73171, 0.65183,2.01127,3.2093,4.67981,6.44616
0.7327, 0.65173,2.01114,3.20889,4.64674,6.52281
0.73369, 0.65163,2.01104,3.20883,4.61401,6.60089
0.73468, 0.651528,2.01098,3.20912,4.58163,6.68041
0.73567, 0.651425,2.01094,3.20976,4.5496,6.76138
0.73666, 0.651321,2.01094,3.21077,4.51792,6.84381
0.73765, 0.651216,2.01095,3.21216,4.48659,6.9277
0.73864, 0.651109,2.01099,3.21394,4.45562,7.01308
0.73963, 0.651001,2.01104,3.21611,4.42499,7.09994
0.74062, 0.65089,2.0111,3.21869,4.39473,7.18831
0.74161, 0.650777,2.01117,3.22168,4.36482,7.27818
0.7426, 0.650663,2.01124,3.22508,4.33527,7.36958
0.74359, 0.650546,2.01132,3.22892,4.30608,7.46251
0.74458, 0.650427,2.01138,3.23318,4.27727,7.55698
0.74557, 0.650305,2.01144,3.23789,4.24882,7.65302
0.74656, 0.650181,2.01149,3.24303,4.22076,7.75062
0.74755, 0.650055,2.01152,3.24863,4.19308,7.8498
0.74854, 0.649925,2.01153,3.25466,4.1658,7.95057
0.74953, 0.649794,2.01151,3.26115,4.13892,8.05295
0.75052, 0.649659,2.01146,3.26808,4.11247,8.15695
0.75151, 0.649523,2.01138,3.27544,4.08644,8.26257
0.7525, 0.649383,2.01127,3.28324,4.06086,8.36984
0.75349, 0.649241,2.01111,3.29146,4.03576,8.47877
0.75448, 0.649097,2.01092,3.30007,4.01116,8.58936
0.75547, 0.64895,2.01068,3.30907,3.98708,8.70164
0.75646, 0.648801,2.01039,3.31841,3.96358,8.81561
0.75745, 0.64865,2.01004,3.32805,3.9407,8.93129
0.75844, 0.648497,2.00965,3.33796,3.91849,9.0487
0.75943, 0.648342,2.0092,3.34805,3.89704,9.16784
0.76042, 0.648186,2.0087,3.35824,3.87643,9.28873
0.76141, 0.648028,2.00814,3.36843,3.85679,9.41139
0.7624, 0.647868,2.00752,3.37847,3.83826,9.53583
0.76339, 0.647707,2.00684,3.3882,3.82101,9.66205
0.76438, 0.647546,2.0061,3.3974,3.80528,9.79009
0.76537, 0.647383,2.0053,3.4058,3.79132,9.91995
0.76636, 0.64722,2.00444,3.41311,3.77944,10.0516
0.76735, 0.647057,2.00352,3.41899,3.77,10.1852
0.76834, 0.646894,2.00254,3.4231,3.76332,10.3206
0.76933, 0.646731,2.00151,3.42514,3.75973,10.4372
0.77032, 0.646568,2.00041,3.42488,3.75944,10.3693
0.77131, 0.646406,1.99926,3.42224,3.76255,10.3018
0.7723, 0.646246,1.99806,3.41728,3.76902,10.2347
0.77329, 0.646086,1.9968,3.41016,3.77866,10.1679
0.77428, 0.645928,1.9955,3.40115,3.79124,10.1015
0.77527, 0.645771,1.99414,3.39054,3.80645,10.0355
0.77626, 0.645617,1.99274,3.37862,3.82402,9.9699
0.77725, 0.645465,1.9913,3.36565,3.84368,9.90463
0.77824, 0.645315,1.98981,3.35186,3.86521,9.83974
0.77923, 0.645169,1.98828,3.33745,3.88843,9.77522
0.78022, 0.645025,1.98672,3.32255,3.91318,9.71106
0.78121, 0.644885,1.98513,3.30731,3.93935,9.64727
0.7822, 0.644748,1.9835,3.29183,3.96684,9.58384
0.78319, 0.644615,1.98185,3.27618,3.99556,9.52078
0.78418, 0.644485,1.98017,3.26043,4.02545,9.45807
0.78517, 0.64436,1.97847,3.24464,4.05648,9.39573
0.78616, 0.64424,1.97676,3.22885,4.08859,9.33374
0.78715, 0.644123,1.97503,3.21309,4.12176,9.27212
0.78814, 0.644012,1.97329,3.1974,4.15595,9.21084
0.78913, 0.643905,1.97154,3.18181,4.19116,9.14993
0.79012, 0.643802,1.96978,3.16632,4.22736,9.08936
0.79111, 0.643705,1.96802,3.15097,4.26454,9.02915
0.7921, 0.643613,1.96627,3.13575,4.3027,8.96928
0.79309, 0.643526,1.96451,3.1207,4.34182,8.90976
0.79408, 0.643445,1.96277,3.10581,4.38189,8.8506
0.79507, 0.643368,1.96103,3.09111,4.42292,8.79177
0.79606, 0.643297,1.95931,3.07658,4.46491,8.73329
0.79705, 0.64323,1.9576,3.06225,4.50784,8.67515
0.79804, 0.643169,1.95591,3.04812,4.55173,8.61736
0.79903, 0.643113,1.95425,3.0342,4.59656,8.5599
0.80002, 0.643062,1.9526,3.02049,4.64235,8.50279
0.80101, 0.643016,1.95098,3.00699,4.68909,8.44601
0.802, 0.642975,1.94939,2.99371,4.73678,8.38956
0.80299, 0.642938,1.94784,2.98066,4.78543,8.33345
0.80398, 0.642905,1.94631,2.96784,4.83505,8.27767
0.80497, 0.642877,1.94482,2.95525,4.88563,8.22223
0.80596, 0.642853,1.94337,2.9429,4.93717,8.16711
0.80695, 0.642832,1.94195,2.93079,4.9897,8.11233
0.80794, 0.642816,1.94057,2.91892,5.04319,8.05787
0.80893, 0.642802,1.93924,2.9073,5.09767,8.00373
0.80992, 0.642791,1.93794,2.89594,5.15314,7.94993
0.81091, 0.642783,1.9367,2.88483,5.2096,7.89644
0.8119, 0.642777,1.93549,2.87398,5.26706,7.84328
0.81289, 0.642773,1.93433,2.86339,5.32553,7.79044
0.81388, 0.64277,1.93321,2.85307,5.385,7.73791
0.81487, 0.642769,1.93214,2.84302,5.4455,7.68571
0.81586, 0.642769,1.93112,2.83325,5.50701,7.63382
0.81685, 0.642768,1.93014,2.82376,5.56955,7.58225
0.81784, 0.642768,1.9292,2.81456,5.63313,7.53099
0.81883, 0.642767,1.92831,2.80564,5.69775,7.48004
0.81982, 0.642765,1.92746,2.79702,5.76343,7.42941
0.82081, 0.642761,1.92665,2.78871,5.83015,7.37908
0.8218, 0.642756,1.92589,2.7807,5.89795,7.32906
0.82279, 0.642748,1.92516,2.773,5.96681,7.27936
0.82378, 0.642737,1.92447,2.76562,6.03675,7.22995
0.82477, 0.642723,1.92381,2.75856,6.10778,7.18085
0.82576, 0.642705,1.92318,2.75184,6.1799,7.13206
0.82675, 0.642683,1.92258,2.74546,6.25313,7.08357
0.82774, 0.642656,1.92201,2.73942,6.32746,7.03538
0.82873, 0.642623,1.92146,2.73373,6.40291,6.98748
0.82972, 0.642585,1.92093,2.7284,6.47948,6.93989
0.83071, 0.64254,1.92041,2.72344,6.55719,6.8926
0.8317, 0.642489,1.9199,2.71886,6.63604,6.84561
0.83269, 0.642431,1.91941,2.71466,6.716,6.79894
0.83368, 0.642365,1.91891,2.71084,6.75234,6.79735
0.83467, 0.642291,1.91841,2.70743,6.70631,6.87959
0.83566, 0.642209,1.91791,2.70443,6.66049,6.96309
0.83665, 0.642117,1.91739,2.70185,6.61495,7.04777
0.83764, 0.642017,1.91686,2.69969,6.5697,7.13366
0.83863, 0.641907,1.91631,2.69796,6.52473,7.22075
0.83962, 0.641788,1.91573,2.69667,6.48005,7.30905
0.84061, 0.641658,1.91512,2.69584,6.43566,7.39857
0.8416, 0.641518,1.91448,2.69547,6.39154,7.48932
0.84259, 0.641367,1.9138,2.69556,6.34771,7.58132
0.84358, 0.641205,1.91307,2.69613,6.30416,7.67456
0.84457, 0.641032,1.9123,2.69719,6.26089,7.76906
0.84556, 0.640848,1.91147,2.69873,6.21789,7.86483
0.84655, 0.640652,1.91058,2.70078,6.17517,7.96187
0.84754, 0.640445,1.90964,2.70333,6.13273,8.06021
0.84853, 0.640226,1.90863,2.7064,6.09056,8.15983
0.84952, 0.639995,1.90755,2.70998,6.04867,8.26077
0.85051, 0.639753,1.90641,2.7141,6.00705,8.36302
0.8515, 0.639498,1.90519,2.71874,5.9657,8.4666
0.85249, 0.639232,1.9039,2.72393,5.92462,8.57152
0.85348, 0.638955,1.90254,2.72966,5.8838,8.67778
0.85447, 0.638665,1.9011,2.73593,5.84326,8.7854
0.85546, 0.638364,1.89958,2.74276,5.80298,8.89438
0.85645, 0.638052,1.89799,2.75015,5.76296,9.00475
0.85744, 0.637729,1.89631,2.75809,5.72321,9.1165
0.85843, 0.637394,1.89457,2.7666,5.68372,9.22964
0.85942, 0.637049,1.89274,2.77568,5.6445,9.3442
0.86041, 0.636693,1.89085,2.78532,5.60553,9.46017
0.8614, 0.636327,1.88887,2.79553,5.56682,9.57758
0.86239, 0.635952,1.88683,2.80632,5.52837,9.69642
0.86338, 0.635566,1.88472,2.81768,5.49018,9.81672
0.86437, 0.635172,1.88254,2.82962,5.45224,9.93847
0.86536, 0.634769,1.88029,2.84214,5.41456,10.0617
0.86635, 0.634357,1.87799,2.85523,5.37713,10.1864
0.86734, 0.633937,1.87562,2.8689,5.33995,10.3126
0.86833, 0.63351,1.8732,2.88315,5.30303,10.4403
0.86932, 0.633076,1.87072,2.89799,5.26635,10.5696
0.87031, 0.632635,1.86819,2.9134,5.22993,10.7003
0.8713, 0.632188,1.86562,2.9294,5.19375,10.8326
0.87229, 0.631735,1.863,2.94597,5.15782,10.9665
0.87328, 0.631278,1.86034,2.96313,5.12213,11.1019
0.87427, 0.630816,1.85765,2.98087,5.08669,11.2388
0.87526, 0.63035,1.85492,2.9992,5.05149,11.3774
0.87625, 0.629881,1.85216,3.01811,5.01653,11.5176
0.87724, 0.629409,1.84938,3.0376,4.98182,11.6593
0.87823, 0.628935,1.84657,3.05767,4.94735,11.8027
0.87922, 0.62846,1.84374,3.07834,4.91311,11.9477
0.88021, 0.627983,1.8409,3.09958,4.87912,12.0944
0.8812, 0.627506,1.83804,3.12141,4.84536,12.2427
0.88219, 0.62703,1.83517,3.14383,4.81184,12.3927
0.88318, 0.626554,1.83229,3.16684,4.77855,12.5443
0.88417, 0.62608,1.82942,3.19044,4.7455,12.6977
0.88516, 0.625607,1.82654,3.21462,4.71268,12.8527
0.88615, 0.625138,1.82366,3.23939,4.6801,13.0095
0.88714, 0.624672,1.82079,3.26476,4.64774,13.168
0.88813, 0.624209,1.81792,3.29072,4.61562,13.3282
0.88912, 0.623752,1.81507,3.31727,4.58373,13.4902
0.89011, 0.623299,1.81223,3.34442,4.55207,13.6539
0.8911, 0.622852,1.80941,3.37216,4.52064,13.8194
0.89209, 0.622411,1.8066,3.4005,4.48944,13.9867
0.89308, 0.621977,1.80382,3.42944,4.45847,14.1558
0.89407, 0.62155,1.80106,3.45898,4.42773,14.3268
0.89506, 0.621132,1.79833,3.48912,4.39722,14.4995
0.89605, 0.620721,1.79563,3.51986,4.36694,14.6741
0.89704, 0.62032,1.79296,3.5512,4.33689,14.8505
0.89803, 0.619928,1.79032,3.58314,4.30708,15.0288
0.89902, 0.619547,1.78772,3.61568,4.2775,15.209
0.90001, 0.619175,1.78515,3.64881,4.24817,15.391
0.901, 0.618815,1.78263,3.68252,4.21909,15.575
0.90199, 0.618466,1.78014,3.71681,4.19028,15.7608
0.90298, 0.618129,1.77771,3.75165,4.16177,15.9486
0.90397, 0.617804,1.77532,3.78701,4.13358,16.1384
0.90496, 0.617492,1.77297,3.82279,4.10582,16.3301
0.90595, 0.617193,1.77068,3.85882,4.07865,16.5237
0.90694, 0.616907,1.76844,3.89462,4.05257,16.7194
0.90793, 0.616635,1.76626,3.92855,4.02922,16.917
0.90892, 0.616377,1.76413,3.95272,4.01648,17.1166
0.90991, 0.616133,1.76206,3.94918,4.03232,17.0859
0.9109, 0.615904,1.76004,3.92866,4.06599,17.0072
0.91189, 0.61569,1.7581,3.90422,4.10445,16.9288
0.91288, 0.615492,1.75621,3.87875,4.14482,16.8507
0.91387, 0.615308,1.75439,3.85296,4.18637,16.7728
0.91486, 0.61514,1.75264,3.82712,4.22885,16.6952
0.91585, 0.614988,1.75096,3.80133,4.27215,16.618
0.91684, 0.614851,1.74934,3.77565,4.31623,16.541
0.91783, 0.614731,1.74781,3.75011,4.36106,16.4643
0.91882, 0.614627,1.74634,3.72473,4.40662,16.3878
0.91981, 0.614539,1.74495,3.69951,4.4529,16.3117
0.9208, 0.614467,1.74365,3.67447,4.4999,16.2358
0.92179, 0.614411,1.74242,3.6496,4.54763,16.1603
0.92278, 0.614371,1.74127,3.62492,4.59607,16.085
0.92377, 0.614348,1.74021,3.60042,4.64524,16.01
0.92476, 0.614341,1.73923,3.57611,4.69514,15.9352
0.92575, 0.61435,1.73834,3.55198,4.74577,15.8608
0.92674, 0.614375,1.73754,3.52804,4.79712,15.7866
0.92773, 0.614416,1.73683,3.50429,4.84922,15.7127
0.92872, 0.614473,1.73621,3.48072,4.90205,15.6391
0.92971, 0.614545,1.73569,3.45734,4.95563,15.5657
0.9307, 0.614633,1.73526,3.43414,5.00996,15.4927
0.93169, 0.614735,1.73493,3.41113,5.06505,15.4199
0.93268, 0.614853,1.73471,3.38831,5.12089,15.3474
0.93367, 0.614985,1.73458,3.36567,5.1775,15.2751
0.93466, 0.615131,1.73456,3.34322,5.23487,15.2032
0.93565, 0.615292,1.73464,3.32095,5.29302,15.1315
0.93664, 0.615466,1.73483,3.29887,5.35195,15.06
0.93763, 0.615653,1.73513,3.27697,5.41166,14.9889
0.93862, 0.615854,1.73554,3.25525,5.47217,14.918
0.93961, 0.616066,1.73607,3.23372,5.53347,14.8474
0.9406, 0.616291,1.73671,3.21236,5.59557,14.777
0.94159, 0.616527,1.73746,3.1912,5.65847,14.7069
0.94258, 0.616775,1.73834,3.17021,5.72219,14.6371
0.94357, 0.617033,1.73933,3.1494,5.78672,14.5676
0.94456, 0.617301,1.74045,3.12878,5.85208,14.4983
0.94555, 0.617578,1.74169,3.10834,5.91827,14.4293
0.94654, 0.617865,1.74306,3.08807,5.98529,14.3605
0.94753, 0.61816,1.74455,3.06799,6.05315,14.292
0.94852, 0.618462,1.74617,3.04809,6.12186,14.2238
0.94951, 0.618772,1.74793,3.02837,6.19142,14.1558
0.9505, 0.619089,1.74982,3.00883,6.26184,14.0881
0.95149, 0.619411,1.75184,2.98947,6.33312,14.0207
0.95248, 0.619739,1.75399,2.97029,6.40527,13.9535
0.95347, 0.620071,1.75629,2.95129,6.4783,13.8866
0.95446, 0.620408,1.75872,2.93247,6.55221,13.8199
0.95545, 0.620747,1.7613,2.91384,6.62702,13.7535
0.95644, 0.621089,1.76401,2.89538,6.70271,13.6873
0.95743, 0.621433,1.76687,2.87711,6.77931,13.6214
0.95842, 0.621779,1.76987,2.85902,6.85681,13.5558
0.95941, 0.622124,1.77302,2.84112,6.93523,13.4904
0.9604, 0.62247,1.77631,2.8234,7.01457,13.4253
0.96139, 0.622814,1.77975,2.80586,7.09483,13.3604
0.96238, 0.623157,1.78333,2.78851,7.17603,13.2958
0.96337, 0.623497,1.78707,2.77135,7.25817,13.2314
0.96436, 0.623834,1.79095,2.75438,7.34125,13.1673
0.96535, 0.624168,1.79498,2.73761,7.42529,13.1034
0.96634, 0.624497,1.79916,2.72102,7.51028,13.0398
0.96733, 0.624821,1.80348,2.70464,7.59624,12.9764
0.96832, 0.625138,1.80795,2.68845,7.68318,12.9133
0.96931, 0.625449,1.81257,2.67247,7.77109,12.8504
0.9703, 0.625753,1.81733,2.65669,7.85999,12.7878
0.97129, 0.626049,1.82223,2.64112,7.94989,12.7254
0.97228, 0.626337,1.82727,2.62577,8.04078,12.6633
0.97327, 0.626615,1.83244,2.61063,8.13268,12.6014
0.97426, 0.626883,1.83775,2.59572,8.2256,12.5397
0.97525, 0.627141,1.84318,2.58105,8.31953,12.4783
0.97624, 0.627387,1.84874,2.56661,8.41449,12.4172
0.97723, 0.627622,1.85441,2.55242,8.51049,12.3563
0.97822, 0.627845,1.86019,2.53849,8.60753,12.2956
0.97921, 0.628055,1.86606,2.52483,8.70562,12.2352
0.9802, 0.628252,1.87203,2.51144,8.80476,12.175
0.98119, 0.628435,1.87808,2.49835,8.90497,12.115
0.98218, 0.628604,1.88419,2.48557,9.00624,12.0553
0.98317, 0.628758,1.89034,2.47312,9.1086,11.9958
0.98416, 0.628897,1.89653,2.46101,9.21204,11.9366
0.98515, 0.629021,1.90273,2.44926,9.31657,11.8776
0.98614, 0.629128,1.90892,2.43792,9.4222,11.8188
0.98713, 0.62922,1.91506,2.42699,9.52894,11.7603
0.98812, 0.629295,1.92114,2.41652,9.63679,11.702
0.98911, 0.629353,1.92711,2.40654,9.74576,11.644
0.9901, 0.629394,1.93294,2.39709,9.85586,11.5861
0.99109, 0.629417,1.93859,2.38822,9.9671,11.5286
0.99208, 0.629423,1.944,2.37997,10.0795,11.4712
0.99307, 0.629412,1.94913,2.37239,10.193,11.4141
0.99406, 0.629382,1.95392,2.36555,10.3077,11.3572
0.99505, 0.629334,1.95831,2.35951,10.4236,11.3005
0.99604, 0.629268,1.96225,2.35432,10.5406,11.2441
0.99703, 0.629184,1.96567,2.35005,10.6588,11.1879
0.99802, 0.629082,1.96852,2.34676,10.7782,11.1319
0.99901, 0.628961,1.97074,2.3445,10.8988,11.0762
1, 0.628821,1.97229,2.34331,11.0206,11.0207
