0, 0.518, 0.00344035
0.001, 0.5264, 0.00326543
0.002, 0.5153, 0.0035037
0.003, 0.511, 0.00346107
0.004, 0.5175, 0.00355862
0.005, 0.5083, 0.00400514
0.006, 0.515, 0.00372223
0.007, 0.5071, 0.00415447
0.008, 0.5013, 0.0041507
0.009, 0.5038, 0.00412135
0.01, 0.5021, 0.00401567
0.011, 0.496, 0.00428766
0.012, 0.4963, 0.00443354
0.013, 0.4874, 0.0047097
0.014, 0.4935, 0.00473791
0.015, 0.489, 0.00424959
0.016, 0.4824, 0.00473817
0.017, 0.4834, 0.00486255
0.018, 0.4702, 0.00482825
0.019, 0.4799, 0.00492605
0.02, 0.4781, 0.00505672
0.021, 0.4753, 0.0050537
0.022, 0.4724, 0.00511647
0.023, 0.4567, 0.00549865
0.024, 0.4711, 0.00507295
0.025, 0.4539, 0.00559686
0.026, 0.456, 0.00560749
0.027, 0.4527, 0.00561005
0.028, 0.4528, 0.00555267
0.029, 0.4316, 0.00599512
0.03, 0.4423, 0.00595825
0.031, 0.431, 0.00586336
0.032, 0.4352, 0.00606803
0.033, 0.4349, 0.00604252
0.034, 0.4224, 0.00614152
0.035, 0.4154, 0.00642673
0.036, 0.4261, 0.00593201
0.037, 0.4133, 0.00653706
0.038, 0.405, 0.00643389
0.039, 0.4169, 0.00624535
0.04, 0.4084, 0.00655968
0.041, 0.3943, 0.00674518
0.042, 0.3965, 0.00647902
0.043, 0.3892, 0.00677963
0.044, 0.3951, 0.00668177
0.045, 0.3832, 0.00703546
0.046, 0.3854, 0.00675032
0.047, 0.3673, 0.00693114
0.048, 0.3658, 0.00692318
0.049, 0.3715, 0.00691359
0.05, 0.3626, 0.00728157
0.051, 0.3546, 0.00712312
0.052, 0.3525, 0.00722868
0.053, 0.3494, 0.00699997
0.054, 0.3342, 0.00751867
0.055, 0.3233, 0.00732851
0.056, 0.335, 0.00723153
0.057, 0.3299, 0.00741188
0.058, 0.3224, 0.00742417
0.059, 0.3031, 0.00740138
0.06, 0.3037, 0.00744958
0.061, 0.2969, 0.00760529
0.062, 0.2886, 0.00749867
0.063, 0.2805, 0.00774531
0.064, 0.2747, 0.0075967
0.065, 0.2778, 0.00774256
0.066, 0.2698, 0.00744902
0.067, 0.2594, 0.00758364
0.068, 0.2599, 0.00753538
0.069, 0.261, 0.00758676
0.07, 0.2356, 0.00750284
0.071, 0.2481, 0.00756944
0.072, 0.2445, 0.00765962
0.073, 0.2209, 0.00742113
0.074, 0.2181, 0.0074204
0.075, 0.2116, 0.00749169
0.076, 0.2147, 0.00741579
0.077, 0.1961, 0.00734131
0.078, 0.1962, 0.00739632
0.079, 0.2033, 0.00746184
0.08, 0.1745, 0.00714281
0.081, 0.1909, 0.00728884
0.082, 0.1633, 0.00691109
0.083, 0.1696, 0.00703391
0.084, 0.1613, 0.00698801
0.085, 0.1598, 0.00699314
0.086, 0.1585, 0.00691431
0.087, 0.1429, 0.00682566
0.088, 0.1415, 0.00681379
0.089, 0.1448, 0.00686243
0.09, 0.1283, 0.00645826
0.091, 0.1252, 0.0065073
0.092, 0.1291, 0.00659873
0.093, 0.1295, 0.00650844
0.094, 0.1158, 0.0063143
0.095, 0.1105, 0.00622091
0.096, 0.1074, 0.00612089
0.097, 0.0913, 0.00565989
0.098, 0.0901, 0.00579931
0.099, 0.0818, 0.00538783
0.1, 0.086, 0.0056164
0.101, 0.0803, 0.0054242
0.102, 0.0787, 0.00527791
0.103, 0.0689, 0.0051442
0.104, 0.0678, 0.00499832
0.105, 0.0674, 0.00512028
0.106, 0.0616, 0.00477969
0.107, 0.0532, 0.00455519
0.108, 0.056, 0.00474805
0.109, 0.0539, 0.00457218
0.11, 0.0483, 0.00434708
0.111, 0.0478, 0.00428429
0.112, 0.0427, 0.00413603
0.113, 0.0398, 0.00404919
0.114, 0.0349, 0.00373524
0.115, 0.0335, 0.00362046
0.116, 0.0354, 0.00380878
0.117, 0.0285, 0.00348393
0.118, 0.0348, 0.00369986
0.119, 0.0222, 0.00294061
0.12, 0.0262, 0.00321147
0.121, 0.0239, 0.003181
0.122, 0.0207, 0.00311151
0.123, 0.0186, 0.00277742
0.124, 0.0234, 0.00318943
0.125, 0.017, 0.00267787
0.126, 0.013, 0.00226075
0.127, 0.0185, 0.00268845
0.128, 0.0156, 0.00259935
0.129, 0.011, 0.00207822
0.13, 0.0147, 0.00242774
0.131, 0.0107, 0.00211554
0.132, 0.0106, 0.00222433
0.133, 0.0085, 0.00192815
0.134, 0.0094, 0.00187927
0.135, 0.0091, 0.00199679
0.136, 0.0047, 0.00140282
0.137, 0.0058, 0.00147863
0.138, 0.0054, 0.00150693
0.139, 0.0028, 0.00100606
0.14, 0.0043, 0.00134592
0.141, 0.0022, 0.00080942
0.142, 0.0023, 0.000885839
0.143, 0.0053, 0.00153033
0.144, 0.0021, 0.00106094
0.145, 0.0017, 0.000766231
0.146, 0.0017, 0.000864355
0.147, 0.0011, 0.000607281
0.148, 0.0014, 0.000733512
0.149, 0.0013, 0.000623145
0.15, 0.0018, 0.000785341
0.151, 0.0006, 0.00042384
0.152, 0.001, 0.00061563
0.153, 0.0018, 0.000759447
0.154, 0.0007, 0.000538061
0.155, 0.0009, 0.000537764
0.156, 0.0015, 0.000766649
0.157, 0.0008, 0.000565119
0.158, 0, 0
0.159, 0, 0
0.16, 0.0003, 0.00029985
0.161, 0.0006, 0.0005997
0.162, 0, 0
0.163, 0.001, 0.000706399
0.164, 0.0006, 0.0005997
0.165, 0, 0
0.166, 0.0005, 0.00049975
0.167, 0.0005, 0.00049975
0.168, 0, 0
0.169, 0, 0
0.17, 0, 0
0.171, 0, 0
0.172, 0, 0
0.173, 0.0005, 0.00049975
0.174, 0.0003, 0.00029985
0.175, 0, 0
0.176, 0, 0
0.177, 0, 0
0.178, 0, 0
0.179, 0, 0
0.18, 0, 0
0.181, 0, 0
0.182, 0, 0
0.183, 0, 0
0.184, 0, 0
0.185, 0, 0
0.186, 0, 0
0.187, 0, 0
0.188, 0, 0
0.189, 0, 0
0.19, 0, 0
0.191, 0, 0
0.192, 0, 0
0.193, 0, 0
0.194, 0, 0
0.195, 0, 0
0.196, 0, 0
0.197, 0, 0
0.198, 0, 0
0.199, 0, 0
0.2, 0, 0
0.201, 0, 0
0.202, 0, 0
0.203, 0, 0
0.204, 0, 0
0.205, 0, 0
0.206, 0, 0
0.207, 0, 0
0.208, 0, 0
0.209, 0, 0
0.21, 0, 0
0.211, 0, 0
0.212, 0, 0
0.213, 0, 0
0.214, 0, 0
0.215, 0, 0
0.216, 0, 0
0.217, 0, 0
0.218, 0, 0
0.219, 0, 0
0.22, 0, 0
0.221, 0, 0
0.222, 0, 0
0.223, 0, 0
0.224, 0, 0
0.225, 0, 0
0.226, 0, 0
0.227, 0, 0
0.228, 0, 0
0.229, 0, 0
0.23, 0, 0
0.231, 0, 0
0.232, 0, 0
0.233, 0, 0
0.234, 0, 0
0.235, 0, 0
0.236, 0, 0
0.237, 0, 0
0.238, 0, 0
0.239, 0, 0
0.24, 0, 0
0.241, 0, 0
0.242, 0, 0
0.243, 0, 0
0.244, 0, 0
0.245, 0, 0
0.246, 0, 0
0.247, 0, 0
0.248, 0, 0
0.249, 0, 0
0.25, 0, 0
0.251, 0, 0
0.252, 0, 0
0.253, 0, 0
0.254, 0, 0
0.255, 0, 0
0.256, 0, 0
0.257, 0, 0
0.258, 0, 0
0.259, 0, 0
0.26, 0, 0
0.261, 0, 0
0.262, 0, 0
0.263, 0, 0
0.264, 0, 0
0.265, 0, 0
0.266, 0, 0
0.267, 0, 0
0.268, 0, 0
0.269, 0, 0
0.27, 0, 0
0.271, 0, 0
0.272, 0, 0
0.273, 0, 0
0.274, 0, 0
0.275, 0, 0
0.276, 0, 0
0.277, 0, 0
0.278, 0, 0
0.279, 0, 0
0.28, 0, 0
0.281, 0, 0
0.282, 0, 0
0.283, 0, 0
0.284, 0, 0
0.285, 0, 0
0.286, 0, 0
0.287, 0, 0
0.288, 0, 0
0.289, 0, 0
0.29, 0, 0
0.291, 0, 0
0.292, 0, 0
0.293, 0, 0
0.294, 0, 0
0.295, 0, 0
0.296, 0, 0
0.297, 0, 0
0.298, 0, 0
0.299, 0, 0
0.3, 0, 0
0.301, 0, 0
0.302, 0, 0
0.303, 0, 0
0.304, 0, 0
0.305, 0, 0
0.306, 0, 0
0.307, 0, 0
0.308, 0, 0
0.309, 0, 0
0.31, 0, 0
0.311, 0, 0
0.312, 0, 0
0.313, 0, 0
0.314, 0, 0
0.315, 0, 0
0.316, 0, 0
0.317, 0, 0
0.318, 0, 0
0.319, 0, 0
0.32, 0, 0
0.321, 0, 0
0.322, 0, 0
0.323, 0, 0
0.324, 0, 0
0.325, 0, 0
0.326, 0, 0
0.327, 0, 0
0.328, 0, 0
0.329, 0, 0
0.33, 0, 0
0.331, 0, 0
0.332, 0, 0
0.333, 0, 0
0.334, 0, 0
0.335, 0, 0
0.336, 0, 0
0.337, 0, 0
0.338, 0, 0
0.339, 0, 0
0.34, 0, 0
0.341, 0, 0
0.342, 0, 0
0.343, 0, 0
0.344, 0, 0
0.345, 0, 0
0.346, 0, 0
0.347, 0, 0
0.348, 0, 0
0.349, 0, 0
0.35, 0, 0
0.351, 0, 0
0.352, 0, 0
0.353, 0, 0
0.354, 0, 0
0.355, 0, 0
0.356, 0, 0
0.357, 0, 0
0.358, 0, 0
0.359, 0, 0
0.36, 0, 0
0.361, 0, 0
0.362, 0, 0
0.363, 0, 0
0.364, 0, 0
0.365, 0, 0
0.366, 0, 0
0.367, 0, 0
0.368, 0, 0
0.369, 0, 0
0.37, 0, 0
0.371, 0, 0
0.372, 0, 0
0.373, 0, 0
0.374, 0, 0
0.375, 0, 0
0.376, 0, 0
0.377, 0, 0
0.378, 0, 0
0.379, 0, 0
0.38, 0, 0
0.381, 0, 0
0.382, 0, 0
0.383, 0, 0
0.384, 0, 0
0.385, 0, 0
0.386, 0, 0
0.387, 0, 0
0.388, 0, 0
0.389, 0, 0
0.39, 0, 0
0.391, 0, 0
0.392, 0, 0
0.393, 0, 0
0.394, 0, 0
0.395, 0, 0
0.396, 0, 0
0.397, 0, 0
0.398, 0, 0
0.399, 0, 0
0.4, 0, 0
0.401, 0, 0
0.402, 0, 0
0.403, 0, 0
0.404, 0, 0
0.405, 0, 0
0.406, 0, 0
0.407, 0, 0
0.408, 0, 0
0.409, 0, 0
0.41, 0, 0
0.411, 0, 0
0.412, 0, 0
0.413, 0, 0
0.414, 0, 0
0.415, 0, 0
0.416, 0, 0
0.417, 0, 0
0.418, 0, 0
0.419, 0, 0
0.42, 0, 0
0.421, 0, 0
0.422, 0, 0
0.423, 0, 0
0.424, 0, 0
0.425, 0, 0
0.426, 0, 0
0.427, 0, 0
0.428, 0, 0
0.429, 0, 0
0.43, 0, 0
0.431, 0, 0
0.432, 0, 0
0.433, 0, 0
0.434, 0, 0
0.435, 0, 0
0.436, 0, 0
0.437, 0, 0
0.438, 0, 0
0.439, 0, 0
0.44, 0, 0
0.441, 0, 0
0.442, 0, 0
0.443, 0, 0
0.444, 0, 0
0.445, 0, 0
0.446, 0, 0
0.447, 0, 0
0.448, 0, 0
0.449, 0, 0
0.45, 0, 0
0.451, 0, 0
0.452, 0, 0
0.453, 0, 0
0.454, 0, 0
0.455, 0, 0
0.456, 0, 0
0.457, 0, 0
0.458, 0, 0
0.459, 0, 0
0.46, 0, 0
0.461, 0, 0
0.462, 0, 0
0.463, 0, 0
0.464, 0, 0
0.465, 0, 0
0.466, 0, 0
0.467, 0, 0
0.468, 0, 0
0.469, 0, 0
0.47, 0, 0
0.471, 0, 0
0.472, 0, 0
0.473, 0, 0
0.474, 0, 0
0.475, 0, 0
0.476, 0, 0
0.477, 0, 0
0.478, 0, 0
0.479, 0, 0
0.48, 0, 0
0.481, 0, 0
0.482, 0, 0
0.483, 0, 0
0.484, 0, 0
0.485, 0, 0
0.486, 0, 0
0.487, 0, 0
0.488, 0, 0
0.489, 0, 0
0.49, 0, 0
0.491, 0, 0
0.492, 0, 0
0.493, 0, 0
0.494, 0, 0
0.495, 0, 0
0.496, 0, 0
0.497, 0, 0
0.498, 0, 0
0.499, 0, 0
0.5, 0, 0
0, 0.5301, 0.00339175
0.001, 0.5206, 0.00341404
0.002, 0.518, 0.00354627
0.003, 0.5175, 0.00367747
0.004, 0.5185, 0.00366984
0.005, 0.5104, 0.00390024
0.006, 0.511, 0.00377346
0.007, 0.5128, 0.00391103
0.008, 0.5015, 0.00410947
0.009, 0.5033, 0.00410842
0.01, 0.5025, 0.00400796
0.011, 0.496, 0.00449489
0.012, 0.5069, 0.00428047
0.013, 0.4932, 0.00452921
0.014, 0.4926, 0.00449057
0.015, 0.4901, 0.00490224
0.016, 0.4831, 0.00487692
0.017, 0.4898, 0.00473877
0.018, 0.4865, 0.00486084
0.019, 0.4772, 0.00518268
0.02, 0.4689, 0.00518293
0.021, 0.4742, 0.0048574
0.022, 0.461, 0.005499
0.023, 0.4669, 0.00538836
0.024, 0.4558, 0.00562195
0.025, 0.4629, 0.00531353
0.026, 0.4516, 0.00562649
0.027, 0.4507, 0.00550813
0.028, 0.4556, 0.00549988
0.029, 0.4357, 0.00589199
0.03, 0.445, 0.00567054
0.031, 0.4427, 0.00611774
0.032, 0.4374, 0.00608944
0.033, 0.4342, 0.00588306
0.034, 0.43, 0.00611392
0.035, 0.4204, 0.00600698
0.036, 0.4197, 0.0063939
0.037, 0.412, 0.0064262
0.038, 0.4078, 0.00660902
0.039, 0.3998, 0.00665732
0.04, 0.4174, 0.00623035
0.041, 0.3932, 0.00667636
0.042, 0.3954, 0.00661353
0.043, 0.3945, 0.0067409
0.044, 0.3794, 0.00698968
0.045, 0.3766, 0.00697656
0.046, 0.3794, 0.00682317
0.047, 0.3695, 0.0069065
0.048, 0.3676, 0.0070831
0.049, 0.3575, 0.0071947
0.05, 0.3544, 0.00732534
0.051, 0.353, 0.00732741
0.052, 0.3459, 0.00725005
0.053, 0.3402, 0.00752755
0.054, 0.3169, 0.00733924
0.055, 0.3238, 0.00743327
0.056, 0.3295, 0.00739863
0.057, 0.3178, 0.00751553
0.058, 0.3082, 0.00752282
0.059, 0.3064, 0.00752988
0.06, 0.2919, 0.00751029
0.061, 0.3031, 0.00747799
0.062, 0.285, 0.00746157
0.063, 0.2744, 0.00758845
0.064, 0.2845, 0.00755048
0.065, 0.2867, 0.00763106
0.066, 0.2545, 0.00773691
0.067, 0.2535, 0.0075649
0.068, 0.2564, 0.00769539
0.069, 0.2423, 0.00765772
0.07, 0.2386, 0.00754917
0.071, 0.2298, 0.00752542
0.072, 0.23, 0.00753127
0.073, 0.2347, 0.0076017
0.074, 0.2156, 0.007459
0.075, 0.218, 0.00753233
0.076, 0.1985, 0.00735852
0.077, 0.2021, 0.00735701
0.078, 0.1943, 0.00732649
0.079, 0.2002, 0.00740405
0.08, 0.1986, 0.00733744
0.081, 0.1616, 0.00691704
0.082, 0.166, 0.0070117
0.083, 0.1619, 0.00692231
0.084, 0.1695, 0.00709505
0.085, 0.1545, 0.00692241
0.086, 0.1607, 0.0069689
0.087, 0.1375, 0.00674713
0.088, 0.1406, 0.0068038
0.089, 0.1378, 0.00666267
0.09, 0.1257, 0.00649535
0.091, 0.1205, 0.00632216
0.092, 0.1187, 0.00630716
0.093, 0.1146, 0.00622309
0.094, 0.1186, 0.00640734
0.095, 0.1138, 0.00622491
0.096, 0.0997, 0.00595398
0.097, 0.0881, 0.00575399
0.098, 0.0901, 0.00570193
0.099, 0.0878, 0.00559742
0.1, 0.0808, 0.00546364
0.101, 0.0754, 0.00526449
0.102, 0.0744, 0.00539116
0.103, 0.0711, 0.0051995
0.104, 0.0664, 0.00493873
0.105, 0.0639, 0.00514847
0.106, 0.0604, 0.00472989
0.107, 0.0567, 0.00459512
0.108, 0.0528, 0.00455765
0.109, 0.0481, 0.0042891
0.11, 0.0394, 0.00388685
0.111, 0.0406, 0.00395116
0.112, 0.0434, 0.0041757
0.113, 0.0458, 0.00420504
0.114, 0.0418, 0.00402651
0.115, 0.0345, 0.0038026
0.116, 0.0384, 0.00394023
0.117, 0.0393, 0.00394785
0.118, 0.0279, 0.00343389
0.119, 0.0315, 0.0034551
0.12, 0.0273, 0.0034095
0.121, 0.0182, 0.00268864
0.122, 0.0181, 0.00270229
0.123, 0.0207, 0.00291916
0.124, 0.0187, 0.00268706
0.125, 0.0161, 0.00242297
0.126, 0.0186, 0.00265594
0.127, 0.0115, 0.0021302
0.128, 0.0125, 0.00214796
0.129, 0.0125, 0.00219403
0.13, 0.0088, 0.00180626
0.131, 0.0115, 0.0021255
0.132, 0.0071, 0.00162468
0.133, 0.0064, 0.00155533
0.134, 0.0069, 0.00166204
0.135, 0.009, 0.00197459
0.136, 0.0078, 0.00180531
0.137, 0.0072, 0.00179671
0.138, 0.0067, 0.00154438
0.139, 0.0049, 0.00136601
0.14, 0.0044, 0.00131173
0.141, 0.003, 0.000964883
0.142, 0.0042, 0.00124994
0.143, 0.0031, 0.00103942
0.144, 0.0023, 0.000951162
0.145, 0.0027, 0.000939526
0.146, 0.0018, 0.000759447
0.147, 0.0022, 0.000924749
0.148, 0.0008, 0.000489244
0.149, 0.0028, 0.00109186
0.15, 0.0022, 0.000967037
0.151, 0.0003, 0.00029985
0.152, 0.0028, 0.001119
0.153, 0.0003, 0.00029985
0.154, 0.0008, 0.000582546
0.155, 0.0009, 0.00063968
0.156, 0.0003, 0.00029985
0.157, 0.0009, 0.00063968
0.158, 0.0006, 0.0005997
0.159, 0.0003, 0.00029985
0.16, 0.0006, 0.0005997
0.161, 0.0005, 0.00049975
0.162, 0, 0
0.163, 0, 0
0.164, 0.0005, 0.00049975
0.165, 0, 0
0.166, 0.0007, 0.00069965
0.167, 0.0002, 0.0001999
0.168, 0, 0
0.169, 0, 0
0.17, 0.0001, 9.995e-05
0.171, 0, 0
0.172, 0, 0
0.173, 0, 0
0.174, 0, 0
0.175, 0, 0
0.176, 0, 0
0.177, 0, 0
0.178, 0, 0
0.179, 0, 0
0.18, 0, 0
0.181, 0, 0
0.182, 0, 0
0.183, 0.0003, 0.00029985
0.184, 0, 0
0.185, 0, 0
0.186, 0, 0
0.187, 0, 0
0.188, 0, 0
0.189, 0, 0
0.19, 0, 0
0.191, 0, 0
0.192, 0, 0
0.193, 0, 0
0.194, 0, 0
0.195, 0, 0
0.196, 0, 0
0.197, 0, 0
0.198, 0, 0
0.199, 0, 0
0.2, 0, 0
0.201, 0, 0
0.202, 0, 0
0.203, 0, 0
0.204, 0, 0
0.205, 0, 0
0.206, 0, 0
0.207, 0, 0
0.208, 0, 0
0.209, 0, 0
0.21, 0, 0
0.211, 0, 0
0.212, 0, 0
0.213, 0, 0
0.214, 0, 0
0.215, 0, 0
0.216, 0, 0
0.217, 0, 0
0.218, 0, 0
0.219, 0, 0
0.22, 0, 0
0.221, 0, 0
0.222, 0, 0
0.223, 0, 0
0.224, 0, 0
0.225, 0, 0
0.226, 0, 0
0.227, 0, 0
0.228, 0, 0
0.229, 0, 0
0.23, 0, 0
0.231, 0, 0
0.232, 0, 0
0.233, 0, 0
0.234, 0, 0
0.235, 0, 0
0.236, 0, 0
0.237, 0, 0
0.238, 0, 0
0.239, 0, 0
0.24, 0, 0
0.241, 0, 0
0.242, 0, 0
0.243, 0, 0
0.244, 0, 0
0.245, 0, 0
0.246, 0, 0
0.247, 0, 0
0.248, 0, 0
0.249, 0, 0
0.25, 0, 0
0.251, 0, 0
0.252, 0, 0
0.253, 0, 0
0.254, 0, 0
0.255, 0, 0
0.256, 0, 0
0.257, 0, 0
0.258, 0, 0
0.259, 0, 0
0.26, 0, 0
0.261, 0, 0
0.262, 0, 0
0.263, 0, 0
0.264, 0, 0
0.265, 0, 0
0.266, 0, 0
0.267, 0, 0
0.268, 0, 0
0.269, 0, 0
0.27, 0, 0
0.271, 0, 0
0.272, 0, 0
0.273, 0, 0
0.274, 0, 0
0.275, 0, 0
0.276, 0, 0
0.277, 0, 0
0.278, 0, 0
0.279, 0, 0
0.28, 0, 0
0.281, 0, 0
0.282, 0, 0
0.283, 0, 0
0.284, 0, 0
0.285, 0, 0
0.286, 0, 0
0.287, 0, 0
0.288, 0, 0
0.289, 0, 0
0.29, 0, 0
0.291, 0, 0
0.292, 0, 0
0.293, 0, 0
0.294, 0, 0
0.295, 0, 0
0.296, 0, 0
0.297, 0, 0
0.298, 0, 0
0.299, 0, 0
0.3, 0, 0
0.301, 0, 0
0.302, 0, 0
0.303, 0, 0
0.304, 0, 0
0.305, 0, 0
0.306, 0, 0
0.307, 0, 0
0.308, 0, 0
0.309, 0, 0
0.31, 0, 0
0.311, 0, 0
0.312, 0, 0
0.313, 0, 0
0.314, 0, 0
0.315, 0, 0
0.316, 0, 0
0.317, 0, 0
0.318, 0, 0
0.319, 0, 0
0.32, 0, 0
0.321, 0, 0
0.322, 0, 0
0.323, 0, 0
0.324, 0, 0
0.325, 0, 0
0.326, 0, 0
0.327, 0, 0
0.328, 0, 0
0.329, 0, 0
0.33, 0, 0
0.331, 0, 0
0.332, 0, 0
0.333, 0, 0
0.334, 0, 0
0.335, 0, 0
0.336, 0, 0
0.337, 0, 0
0.338, 0, 0
0.339, 0, 0
0.34, 0, 0
0.341, 0, 0
0.342, 0, 0
0.343, 0, 0
0.344, 0, 0
0.345, 0, 0
0.346, 0, 0
0.347, 0, 0
0.348, 0, 0
0.349, 0, 0
0.35, 0, 0
0.351, 0, 0
0.352, 0, 0
0.353, 0, 0
0.354, 0, 0
0.355, 0, 0
0.356, 0, 0
0.357, 0, 0
0.358, 0, 0
0.359, 0, 0
0.36, 0, 0
0.361, 0, 0
0.362, 0, 0
0.363, 0, 0
0.364, 0, 0
0.365, 0, 0
0.366, 0, 0
0.367, 0, 0
0.368, 0, 0
0.369, 0, 0
0.37, 0, 0
0.371, 0, 0
0.372, 0, 0
0.373, 0, 0
0.374, 0, 0
0.375, 0, 0
0.376, 0, 0
0.377, 0, 0
0.378, 0, 0
0.379, 0, 0
0.38, 0, 0
0.381, 0, 0
0.382, 0, 0
0.383, 0, 0
0.384, 0, 0
0.385, 0, 0
0.386, 0, 0
0.387, 0, 0
0.388, 0, 0
0.389, 0, 0
0.39, 0, 0
0.391, 0, 0
0.392, 0, 0
0.393, 0, 0
0.394, 0, 0
0.395, 0, 0
0.396, 0, 0
0.397, 0, 0
0.398, 0, 0
0.399, 0, 0
0.4, 0, 0
0.401, 0, 0
0.402, 0, 0
0.403, 0, 0
0.404, 0, 0
0.405, 0, 0
0.406, 0, 0
0.407, 0, 0
0.408, 0, 0
0.409, 0, 0
0.41, 0, 0
0.411, 0, 0
0.412, 0, 0
0.413, 0, 0
0.414, 0, 0
0.415, 0, 0
0.416, 0, 0
0.417, 0, 0
0.418, 0, 0
0.419, 0, 0
0.42, 0, 0
0.421, 0, 0
0.422, 0, 0
0.423, 0, 0
0.424, 0, 0
0.425, 0, 0
0.426, 0, 0
0.427, 0, 0
0.428, 0, 0
0.429, 0, 0
0.43, 0, 0
0.431, 0, 0
0.432, 0, 0
0.433, 0, 0
0.434, 0, 0
0.435, 0, 0
0.436, 0, 0
0.437, 0, 0
0.438, 0, 0
0.439, 0, 0
0.44, 0, 0
0.441, 0, 0
0.442, 0, 0
0.443, 0, 0
0.444, 0, 0
0.445, 0, 0
0.446, 0, 0
0.447, 0, 0
0.448, 0, 0
0.449, 0, 0
0.45, 0, 0
0.451, 0, 0
0.452, 0, 0
0.453, 0, 0
0.454, 0, 0
0.455, 0, 0
0.456, 0, 0
0.457, 0, 0
0.458, 0, 0
0.459, 0, 0
0.46, 0, 0
0.461, 0, 0
0.462, 0, 0
0.463, 0, 0
0.464, 0, 0
0.465, 0, 0
0.466, 0, 0
0.467, 0, 0
0.468, 0, 0
0.469, 0, 0
0.47, 0, 0
0.471, 0, 0
0.472, 0, 0
0.473, 0, 0
0.474, 0, 0
0.475, 0, 0
0.476, 0, 0
0.477, 0, 0
0.478, 0, 0
0.479, 0, 0
0.48, 0, 0
0.481, 0, 0
0.482, 0, 0
0.483, 0, 0
0.484, 0, 0
0.485, 0, 0
0.486, 0, 0
0.487, 0, 0
0.488, 0, 0
0.489, 0, 0
0.49, 0, 0
0.491, 0, 0
0.492, 0, 0
0.493, 0, 0
0.494, 0, 0
0.495, 0, 0
0.496, 0, 0
0.497, 0, 0
0.498, 0, 0
0.499, 0, 0
0.5, 0, 0
0, 0.2722, 0.00220163
0.001, 0.2634, 0.0026759
0.002, 0.2555, 0.00291715
0.003, 0.2564, 0.00297641
0.004, 0.2466, 0.00323859
0.005, 0.24, 0.00348712
0.006, 0.2373, 0.00354947
0.007, 0.2258, 0.00362414
0.008, 0.2243, 0.00372015
0.009, 0.2171, 0.0038675
0.01, 0.2148, 0.00407443
0.011, 0.1972, 0.00418475
0.012, 0.1948, 0.0041944
0.013, 0.1897, 0.00426426
0.014, 0.1902, 0.0042993
0.015, 0.1866, 0.00435665
0.016, 0.177, 0.00451785
0.017, 0.1771, 0.00455693
0.018, 0.1543, 0.00453889
0.019, 0.1533, 0.00446196
0.02, 0.1467, 0.00448432
0.021, 0.1365, 0.00448751
0.022, 0.1375, 0.0045104
0.023, 0.1311, 0.00453242
0.024, 0.1312, 0.00449072
0.025, 0.1197, 0.00449688
0.026, 0.1206, 0.00446493
0.027, 0.1094, 0.00437169
0.028, 0.1069, 0.00442972
0.029, 0.0941, 0.00420419
0.03, 0.0838, 0.00407401
0.031, 0.0869, 0.00410833
0.032, 0.0855, 0.00407673
0.033, 0.0812, 0.00402077
0.034, 0.0754, 0.0039083
0.035, 0.0791, 0.00410039
0.036, 0.0683, 0.00380856
0.037, 0.0671, 0.0038246
0.038, 0.0679, 0.00381832
0.039, 0.0637, 0.00376727
0.04, 0.0564, 0.00347837
0.041, 0.0469, 0.00323889
0.042, 0.0494, 0.00328932
0.043, 0.0471, 0.00327286
0.044, 0.0436, 0.00325562
0.045, 0.0446, 0.00329102
0.046, 0.0383, 0.00300718
0.047, 0.0398, 0.00311704
0.048, 0.0298, 0.00275898
0.049, 0.0297, 0.0027107
0.05, 0.0314, 0.00280607
0.051, 0.0284, 0.00262554
0.052, 0.024, 0.00237992
0.053, 0.0207, 0.0023327
0.054, 0.0221, 0.002337
0.055, 0.0243, 0.00246161
0.056, 0.019, 0.00217692
0.057, 0.0176, 0.00205189
0.058, 0.0205, 0.00233447
0.059, 0.02, 0.00232379
0.06, 0.0123, 0.00180519
0.061, 0.011, 0.00177172
0.062, 0.014, 0.0019401
0.063, 0.0125, 0.00182586
0.064, 0.007, 0.00133828
0.065, 0.0094, 0.00161606
0.066, 0.0084, 0.0014729
0.067, 0.0081, 0.00145065
0.068, 0.009, 0.00152283
0.069, 0.0073, 0.00134785
0.07, 0.0044, 0.00104911
0.071, 0.0053, 0.00120909
0.072, 0.0063, 0.00130779
0.073, 0.0031, 0.000948889
0.074, 0.0072, 0.0014171
0.075, 0.0033, 0.000916029
0.076, 0.0028, 0.000843896
0.077, 0.0015, 0.000683923
0.078, 0.0029, 0.000917382
0.079, 0.0012, 0.000527788
0.08, 0.0017, 0.00058916
0.081, 0.0017, 0.000653537
0.082, 0.0025, 0.000764035
0.083, 0.0017, 0.000697933
0.084, 0.0021, 0.000765239
0.085, 0.0005, 0.000360208
0.086, 0.0004, 0.00028256
0.087, 0.0013, 0.000590178
0.088, 0.0007, 0.000411716
0.089, 0.0009, 0.000478738
0.09, 0.0008, 0.000468359
0.091, 0.0006, 0.000446811
0.092, 0.0006, 0.000446811
0.093, 0.0008, 0.000423509
0.094, 0.0002, 0.0001999
0.095, 0.0006, 0.00042384
0.096, 0.0002, 0.0001999
0.097, 0.0009, 0.000478738
0.098, 0.0003, 0.000223405
0.099, 0, 0
0.1, 0.0002, 0.0001999
0.101, 0.0002, 0.0001999
0.102, 0, 0
0.103, 0.0001, 9.995e-05
0.104, 0.0003, 0.00029985
0.105, 0, 0
0.106, 0.0003, 0.00029985
0.107, 0.0003, 0.00029985
0.108, 0, 0
0.109, 0, 0
0.11, 0, 0
0.111, 0, 0
0.112, 0, 0
0.113, 0, 0
0.114, 0, 0
0.115, 0, 0
0.116, 0, 0
0.117, 0, 0
0.118, 0, 0
0.119, 0, 0
0.12, 0, 0
0.121, 0, 0
0.122, 0, 0
0.123, 0, 0
0.124, 0, 0
0.125, 0, 0
0.126, 0, 0
0.127, 0, 0
0.128, 0, 0
0.129, 0, 0
0.13, 0, 0
0.131, 0, 0
0.132, 0, 0
0.133, 0, 0
0.134, 0, 0
0.135, 0, 0
0.136, 0, 0
0.137, 0, 0
0.138, 0, 0
0.139, 0, 0
0.14, 0, 0
0.141, 0, 0
0.142, 0, 0
0.143, 0, 0
0.144, 0, 0
0.145, 0, 0
0.146, 0, 0
0.147, 0, 0
0.148, 0, 0
0.149, 0, 0
0.15, 0, 0
0.151, 0, 0
0.152, 0, 0
0.153, 0, 0
0.154, 0, 0
0.155, 0, 0
0.156, 0, 0
0.157, 0, 0
0.158, 0, 0
0.159, 0, 0
0.16, 0, 0
0.161, 0, 0
0.162, 0, 0
0.163, 0, 0
0.164, 0, 0
0.165, 0, 0
0.166, 0, 0
0.167, 0, 0
0.168, 0, 0
0.169, 0, 0
0.17, 0, 0
0.171, 0, 0
0.172, 0, 0
0.173, 0, 0
0.174, 0, 0
0.175, 0, 0
0.176, 0, 0
0.177, 0, 0
0.178, 0, 0
0.179, 0, 0
0.18, 0, 0
0.181, 0, 0
0.182, 0, 0
0.183, 0, 0
0.184, 0, 0
0.185, 0, 0
0.186, 0, 0
0.187, 0, 0
0.188, 0, 0
0.189, 0, 0
0.19, 0, 0
0.191, 0, 0
0.192, 0, 0
0.193, 0, 0
0.194, 0, 0
0.195, 0, 0
0.196, 0, 0
0.197, 0, 0
0.198, 0, 0
0.199, 0, 0
0.2, 0, 0
0.201, 0, 0
0.202, 0, 0
0.203, 0, 0
0.204, 0, 0
0.205, 0, 0
0.206, 0, 0
0.207, 0, 0
0.208, 0, 0
0.209, 0, 0
0.21, 0, 0
0.211, 0, 0
0.212, 0, 0
0.213, 0, 0
0.214, 0, 0
0.215, 0, 0
0.216, 0, 0
0.217, 0, 0
0.218, 0, 0
0.219, 0, 0
0.22, 0, 0
0.221, 0, 0
0.222, 0, 0
0.223, 0, 0
0.224, 0, 0
0.225, 0, 0
0.226, 0, 0
0.227, 0, 0
0.228, 0, 0
0.229, 0, 0
0.23, 0, 0
0.231, 0, 0
0.232, 0, 0
0.233, 0, 0
0.234, 0, 0
0.235, 0, 0
0.236, 0, 0
0.237, 0, 0
0.238, 0, 0
0.239, 0, 0
0.24, 0, 0
0.241, 0, 0
0.242, 0, 0
0.243, 0, 0
0.244, 0, 0
0.245, 0, 0
0.246, 0, 0
0.247, 0, 0
0.248, 0, 0
0.249, 0, 0
0.25, 0, 0
0.251, 0, 0
0.252, 0, 0
0.253, 0, 0
0.254, 0, 0
0.255, 0, 0
0.256, 0, 0
0.257, 0, 0
0.258, 0, 0
0.259, 0, 0
0.26, 0, 0
0.261, 0, 0
0.262, 0, 0
0.263, 0, 0
0.264, 0, 0
0.265, 0, 0
0.266, 0, 0
0.267, 0, 0
0.268, 0, 0
0.269, 0, 0
0.27, 0, 0
0.271, 0, 0
0.272, 0, 0
0.273, 0, 0
0.274, 0, 0
0.275, 0, 0
0.276, 0, 0
0.277, 0, 0
0.278, 0, 0
0.279, 0, 0
0.28, 0, 0
0.281, 0, 0
0.282, 0, 0
0.283, 0, 0
0.284, 0, 0
0.285, 0, 0
0.286, 0, 0
0.287, 0, 0
0.288, 0, 0
0.289, 0, 0
0.29, 0, 0
0.291, 0, 0
0.292, 0, 0
0.293, 0, 0
0.294, 0, 0
0.295, 0, 0
0.296, 0, 0
0.297, 0, 0
0.298, 0, 0
0.299, 0, 0
0.3, 0, 0
0.301, 0, 0
0.302, 0, 0
0.303, 0, 0
0.304, 0, 0
0.305, 0, 0
0.306, 0, 0
0.307, 0, 0
0.308, 0, 0
0.309, 0, 0
0.31, 0, 0
0.311, 0, 0
0.312, 0, 0
0.313, 0, 0
0.314, 0, 0
0.315, 0, 0
0.316, 0, 0
0.317, 0, 0
0.318, 0, 0
0.319, 0, 0
0.32, 0, 0
0.321, 0, 0
0.322, 0, 0
0.323, 0, 0
0.324, 0, 0
0.325, 0, 0
0.326, 0, 0
0.327, 0, 0
0.328, 0, 0
0.329, 0, 0
0.33, 0, 0
0.331, 0, 0
0.332, 0, 0
0.333, 0, 0
0.334, 0, 0
0.335, 0, 0
0.336, 0, 0
0.337, 0, 0
0.338, 0, 0
0.339, 0, 0
0.34, 0, 0
0.341, 0, 0
0.342, 0, 0
0.343, 0, 0
0.344, 0, 0
0.345, 0, 0
0.346, 0, 0
0.347, 0, 0
0.348, 0, 0
0.349, 0, 0
0.35, 0, 0
0.351, 0, 0
0.352, 0, 0
0.353, 0, 0
0.354, 0, 0
0.355, 0, 0
0.356, 0, 0
0.357, 0, 0
0.358, 0, 0
0.359, 0, 0
0.36, 0, 0
0.361, 0, 0
0.362, 0, 0
0.363, 0, 0
0.364, 0, 0
0.365, 0, 0
0.366, 0, 0
0.367, 0, 0
0.368, 0, 0
0.369, 0, 0
0.37, 0, 0
0.371, 0, 0
0.372, 0, 0
0.373, 0, 0
0.374, 0, 0
0.375, 0, 0
0.376, 0, 0
0.377, 0, 0
0.378, 0, 0
0.379, 0, 0
0.38, 0, 0
0.381, 0, 0
0.382, 0, 0
0.383, 0, 0
0.384, 0, 0
0.385, 0, 0
0.386, 0, 0
0.387, 0, 0
0.388, 0, 0
0.389, 0, 0
0.39, 0, 0
0.391, 0, 0
0.392, 0, 0
0.393, 0, 0
0.394, 0, 0
0.395, 0, 0
0.396, 0, 0
0.397, 0, 0
0.398, 0, 0
0.399, 0, 0
0.4, 0, 0
0.401, 0, 0
0.402, 0, 0
0.403, 0, 0
0.404, 0, 0
0.405, 0, 0
0.406, 0, 0
0.407, 0, 0
0.408, 0, 0
0.409, 0, 0
0.41, 0, 0
0.411, 0, 0
0.412, 0, 0
0.413, 0, 0
0.414, 0, 0
0.415, 0, 0
0.416, 0, 0
0.417, 0, 0
0.418, 0, 0
0.419, 0, 0
0.42, 0, 0
0.421, 0, 0
0.422, 0, 0
0.423, 0, 0
0.424, 0, 0
0.425, 0, 0
0.426, 0, 0
0.427, 0, 0
0.428, 0, 0
0.429, 0, 0
0.43, 0, 0
0.431, 0, 0
0.432, 0, 0
0.433, 0, 0
0.434, 0, 0
0.435, 0, 0
0.436, 0, 0
0.437, 0, 0
0.438, 0, 0
0.439, 0, 0
0.44, 0, 0
0.441, 0, 0
0.442, 0, 0
0.443, 0, 0
0.444, 0, 0
0.445, 0, 0
0.446, 0, 0
0.447, 0, 0
0.448, 0, 0
0.449, 0, 0
0.45, 0, 0
0.451, 0, 0
0.452, 0, 0
0.453, 0, 0
0.454, 0, 0
0.455, 0, 0
0.456, 0, 0
0.457, 0, 0
0.458, 0, 0
0.459, 0, 0
0.46, 0, 0
0.461, 0, 0
0.462, 0, 0
0.463, 0, 0
0.464, 0, 0
0.465, 0, 0
0.466, 0, 0
0.467, 0, 0
0.468, 0, 0
0.469, 0, 0
0.47, 0, 0
0.471, 0, 0
0.472, 0, 0
0.473, 0, 0
0.474, 0, 0
0.475, 0, 0
0.476, 0, 0
0.477, 0, 0
0.478, 0, 0
0.479, 0, 0
0.48, 0, 0
0.481, 0, 0
0.482, 0, 0
0.483, 0, 0
0.484, 0, 0
0.485, 0, 0
0.486, 0, 0
0.487, 0, 0
0.488, 0, 0
0.489, 0, 0
0.49, 0, 0
0.491, 0, 0
0.492, 0, 0
0.493, 0, 0
0.494, 0, 0
0.495, 0, 0
0.496, 0, 0
0.497, 0, 0
0.498, 0, 0
0.499, 0, 0
0.5, 0, 0
