1, 0.4, 0
2, 0, 0
3, 0.1, 0.0816497
4, 0.275, 0.138632
5, 0.18, 0.0995992
6, 0.35, 0.073598
7, 0.342857, 0.0634297
8, 0.25, 0.0707107
9, 0.333333, 0.0831479
10, 0.27, 0.0762234
11, 0.381818, 0.0600526
12, 0.458333, 0.0492419
13, 0.415385, 0.0531228
14, 0.471429, 0.0409437
15, 0.373333, 0.0614395
16, 0.33125, 0.0577703
17, 0.405882, 0.0509227
18, 0.411111, 0.0489954
19, 0.321053, 0.049136
20, 0.28, 0.0527257
21, 0.419048, 0.0360266
22, 0.3, 0.0510226
23, 0.356522, 0.0487368
24, 0.308333, 0.0424578
25, 0.392, 0.0469621
26, 0.373077, 0.0456892
27, 0.355556, 0.0475269
28, 0.360714, 0.0372318
29, 0.32069, 0.0403255
30, 0.37, 0.0457408
31, 0.358065, 0.0358556
32, 0.425, 0.0380173
33, 0.312121, 0.0432299
34, 0.367647, 0.0421565
35, 0.325714, 0.0396604
36, 0.344444, 0.0432914
37, 0.332432, 0.0409981
38, 0.323684, 0.0389321
39, 0.307692, 0.0354152
40, 0.395, 0.0340863
41, 0.32439, 0.0344551
42, 0.369048, 0.0337538
43, 0.327907, 0.0357755
44, 0.4, 0.0318182
45, 0.373333, 0.0298804
46, 0.380435, 0.031745
47, 0.344681, 0.0341499
48, 0.3375, 0.0309885
49, 0.363265, 0.0311776
50, 0.354, 0.0313955
51, 0.356863, 0.0326051
52, 0.317308, 0.0351162
53, 0.388679, 0.027298
54, 0.331481, 0.028906
55, 0.372727, 0.0285697
56, 0.364286, 0.0271321
57, 0.352632, 0.0310982
58, 0.410345, 0.025537
59, 0.301695, 0.0289122
60, 0.356667, 0.0302183
61, 0.32459, 0.0274956
62, 0.33871, 0.030377
63, 0.38254, 0.0294006
64, 0.348438, 0.0290635
65, 0.329231, 0.0285112
66, 0.401515, 0.0250337
67, 0.335821, 0.0274969
68, 0.348529, 0.029448
69, 0.353623, 0.0257286
70, 0.418571, 0.0251763
71, 0.35493, 0.0272955
72, 0.336111, 0.0258576
73, 0.367123, 0.0260674
74, 0.378378, 0.0256593
75, 0.364, 0.0256222
76, 0.361842, 0.0241881
77, 0.387013, 0.0253397
78, 0.382051, 0.0223345
79, 0.388608, 0.0242158
80, 0.34875, 0.0268091
81, 0.349383, 0.0260797
82, 0.371951, 0.0238523
83, 0.368675, 0.0231706
84, 0.359524, 0.0235774
85, 0.362353, 0.0245077
86, 0.343023, 0.0253979
87, 0.395402, 0.0219843
88, 0.373864, 0.0221223
89, 0.348315, 0.023788
90, 0.352222, 0.0227291
91, 0.347253, 0.0227523
92, 0.377174, 0.0234694
93, 0.324731, 0.0243617
94, 0.38617, 0.024519
95, 0.336842, 0.0246888
96, 0.354167, 0.0252125
97, 0.406186, 0.0214182
98, 0.370408, 0.023412
99, 0.333333, 0.0245768
100, 0.383, 0.0225413
101, 0.328713, 0.0237763
102, 0.393137, 0.0224961
103, 0.326214, 0.0236607
104, 0.350962, 0.0217144
105, 0.332381, 0.0213595
106, 0.386792, 0.0201929
107, 0.363551, 0.0207886
108, 0.32963, 0.0220774
109, 0.390826, 0.0197425
110, 0.342727, 0.0203871
111, 0.355856, 0.0219082
112, 0.397321, 0.0222842
113, 0.346018, 0.0208307
114, 0.326316, 0.0223659
115, 0.345217, 0.0207695
116, 0.35431, 0.0207037
117, 0.344444, 0.0209164
118, 0.347458, 0.021396
119, 0.368908, 0.0210838
120, 0.349167, 0.0209827
121, 0.342975, 0.0210647
122, 0.331967, 0.0215393
123, 0.378862, 0.0206399
124, 0.337903, 0.0215669
125, 0.38, 0.0198877
126, 0.32619, 0.0204564
127, 0.328346, 0.0213006
128, 0.376563, 0.01981
129, 0.386047, 0.0191378
130, 0.378462, 0.0185888
131, 0.377099, 0.0202992
132, 0.376515, 0.0188592
133, 0.34812, 0.0193045
134, 0.374627, 0.0174597
135, 0.334815, 0.0201862
136, 0.366912, 0.019594
137, 0.367883, 0.019144
138, 0.347101, 0.0193952
139, 0.305036, 0.0203057
140, 0.352857, 0.0188291
141, 0.362411, 0.0185902
142, 0.362676, 0.019121
143, 0.384615, 0.0170523
144, 0.368056, 0.0182324
145, 0.335862, 0.0173836
146, 0.370548, 0.0188367
147, 0.353061, 0.0182614
148, 0.345946, 0.0190722
149, 0.343624, 0.0179415
150, 0.395333, 0.0185553
151, 0.391391, 0.0163548
152, 0.378947, 0.0176931
153, 0.302614, 0.019099
154, 0.337662, 0.0185282
155, 0.373548, 0.0186334
156, 0.363462, 0.0181102
157, 0.370701, 0.0178403
158, 0.382278, 0.0163217
159, 0.364151, 0.0171384
160, 0.340625, 0.0186098
161, 0.353416, 0.018342
162, 0.39321, 0.015249
163, 0.357669, 0.01801
164, 0.371951, 0.0178305
165, 0.352727, 0.0174302
166, 0.358434, 0.0173167
167, 0.328144, 0.0185896
168, 0.35, 0.0178968
169, 0.373964, 0.0163612
170, 0.351765, 0.0179045
171, 0.361988, 0.0173704
172, 0.359884, 0.0173381
173, 0.356647, 0.0170151
174, 0.376437, 0.0171004
175, 0.36, 0.0157325
176, 0.313068, 0.0170075
177, 0.361017, 0.0175606
178, 0.363483, 0.0170704
179, 0.332402, 0.0169377
180, 0.378889, 0.0162729
181, 0.335359, 0.0159684
182, 0.361538, 0.0160292
183, 0.298907, 0.0177236
184, 0.359783, 0.0169809
185, 0.308108, 0.0174133
186, 0.362366, 0.016375
187, 0.395187, 0.014709
188, 0.347872, 0.0157873
189, 0.332275, 0.0168924
190, 0.335789, 0.0162022
191, 0.357068, 0.01638
192, 0.360417, 0.0158996
193, 0.353886, 0.0167732
194, 0.392268, 0.0155994
195, 0.374872, 0.0159114
196, 0.367347, 0.0157347
197, 0.341117, 0.0169705
198, 0.356566, 0.0159763
199, 0.349749, 0.0150733
200, 0.361, 0.015553
201, 0.366169, 0.0154228
202, 0.379208, 0.0160511
203, 0.38867, 0.0154085
204, 0.322059, 0.0163543
205, 0.362927, 0.0161037
206, 0.344175, 0.0161206
207, 0.359903, 0.0144421
208, 0.353846, 0.0157535
209, 0.35933, 0.0161012
210, 0.375238, 0.0149764
211, 0.348815, 0.0170927
212, 0.377358, 0.0158081
213, 0.355869, 0.0159245
214, 0.323364, 0.0168375
215, 0.346977, 0.0150107
216, 0.325463, 0.0158965
217, 0.343779, 0.0162759
218, 0.328899, 0.0159353
219, 0.369863, 0.0152549
220, 0.388636, 0.0140847
221, 0.342081, 0.0156607
222, 0.332883, 0.0161723
223, 0.384305, 0.0144858
224, 0.338393, 0.0146914
225, 0.348889, 0.0151126
226, 0.376106, 0.0143044
227, 0.345815, 0.0154144
228, 0.360965, 0.0157055
229, 0.363755, 0.0146982
230, 0.353478, 0.0149683
231, 0.347186, 0.0153638
232, 0.355603, 0.0148019
233, 0.316738, 0.0159347
234, 0.358974, 0.0138913
235, 0.377447, 0.01403
236, 0.35678, 0.0147997
237, 0.377215, 0.0138644
238, 0.366387, 0.0150154
239, 0.402929, 0.0136018
240, 0.386667, 0.0140543
241, 0.371369, 0.0146893
242, 0.360331, 0.0140855
243, 0.385597, 0.0139673
244, 0.346721, 0.0143076
245, 0.321224, 0.0148684
246, 0.370325, 0.0133674
247, 0.366397, 0.0146036
248, 0.368145, 0.0132135
249, 0.355422, 0.0144104
250, 0.3616, 0.0143284
251, 0.350996, 0.014718
252, 0.371032, 0.0137685
253, 0.374308, 0.0145458
254, 0.364173, 0.0144997
255, 0.335686, 0.0146444
256, 0.376953, 0.0140375
257, 0.354475, 0.0141569
258, 0.353101, 0.0140086
259, 0.362934, 0.0134882
260, 0.347692, 0.0137004
261, 0.345977, 0.0142374
262, 0.364885, 0.0136537
263, 0.361597, 0.0133904
264, 0.344697, 0.0142298
265, 0.376604, 0.0133176
266, 0.36391, 0.0138198
267, 0.339326, 0.0136368
268, 0.341045, 0.0142225
269, 0.349442, 0.0144993
270, 0.350741, 0.0136761
271, 0.3369, 0.0145703
272, 0.348897, 0.0136474
273, 0.35348, 0.0131864
274, 0.356204, 0.0132771
275, 0.351273, 0.0139927
276, 0.350725, 0.0137059
277, 0.35704, 0.0133714
278, 0.343525, 0.0134223
279, 0.383871, 0.0129417
280, 0.367143, 0.0130822
281, 0.383274, 0.0127774
282, 0.355674, 0.0134172
283, 0.362191, 0.0127431
284, 0.341197, 0.0139287
285, 0.345965, 0.0132443
286, 0.35, 0.013312
287, 0.350523, 0.0135474
288, 0.342361, 0.0140456
289, 0.364014, 0.0130692
290, 0.355862, 0.012946
291, 0.363918, 0.0136211
292, 0.339726, 0.0135692
293, 0.358703, 0.0133195
294, 0.361565, 0.0133374
295, 0.354237, 0.0127883
296, 0.347297, 0.0140752
297, 0.357912, 0.0132661
298, 0.320805, 0.0138485
299, 0.36087, 0.0134164
300, 0.332, 0.0135781
301, 0.343854, 0.0136014
302, 0.368543, 0.0127778
303, 0.377558, 0.0124748
304, 0.360197, 0.012862
305, 0.343607, 0.0134666
306, 0.337908, 0.0130475
307, 0.339414, 0.0136626
308, 0.36526, 0.0130349
309, 0.34822, 0.0129658
310, 0.353548, 0.0130918
311, 0.355627, 0.0134156
312, 0.365385, 0.0122912
313, 0.351118, 0.0134269
314, 0.355096, 0.0127137
315, 0.36254, 0.0128789
316, 0.364873, 0.0128311
317, 0.332492, 0.0121749
318, 0.374528, 0.0127673
319, 0.350157, 0.0128861
320, 0.349375, 0.0128163
321, 0.346729, 0.0129795
322, 0.352484, 0.0125548
323, 0.356037, 0.0126199
324, 0.329938, 0.0130653
325, 0.343692, 0.0132842
326, 0.362883, 0.0122011
327, 0.338532, 0.0126882
328, 0.354878, 0.0121693
329, 0.377508, 0.0120334
330, 0.359697, 0.0127034
331, 0.360423, 0.0122241
332, 0.367771, 0.0123623
333, 0.356156, 0.0119668
334, 0.362874, 0.0123081
335, 0.331343, 0.0125802
336, 0.35744, 0.0128706
337, 0.365579, 0.0125897
338, 0.36213, 0.011899
339, 0.346313, 0.0123974
340, 0.357353, 0.0121523
341, 0.372434, 0.0119987
342, 0.352339, 0.0125469
343, 0.35277, 0.0124292
344, 0.35436, 0.0122692
345, 0.353913, 0.0124527
346, 0.35578, 0.0124625
347, 0.352738, 0.0123768
348, 0.354598, 0.012467
349, 0.359312, 0.0120896
350, 0.365429, 0.0118878
351, 0.350427, 0.0121534
352, 0.369602, 0.0114361
353, 0.366572, 0.0118864
354, 0.339548, 0.0123153
355, 0.336056, 0.0122003
356, 0.329494, 0.0122699
357, 0.336695, 0.0122192
358, 0.330447, 0.0122645
359, 0.360167, 0.0124946
360, 0.348333, 0.0120502
361, 0.335457, 0.0120447
362, 0.368508, 0.0117463
363, 0.352342, 0.0119591
364, 0.362363, 0.0119606
365, 0.355616, 0.0116304
366, 0.363388, 0.0118118
367, 0.353678, 0.0120609
368, 0.348098, 0.0116242
369, 0.341192, 0.0119653
370, 0.356486, 0.0119499
371, 0.35876, 0.0121381
372, 0.380914, 0.0112822
373, 0.334584, 0.0114637
374, 0.378877, 0.0115014
375, 0.351467, 0.0114253
376, 0.355053, 0.0117173
377, 0.372944, 0.0122028
378, 0.334921, 0.0119192
379, 0.352507, 0.0118484
380, 0.358684, 0.011441
381, 0.353281, 0.0121158
382, 0.358377, 0.0118896
383, 0.353525, 0.0115098
384, 0.358073, 0.0113139
385, 0.352987, 0.0114872
386, 0.362435, 0.0111505
387, 0.346253, 0.0116543
388, 0.352577, 0.0110577
389, 0.375578, 0.0117405
390, 0.37, 0.0113804
391, 0.356266, 0.011358
392, 0.350255, 0.0113226
393, 0.363104, 0.0113781
394, 0.372335, 0.0106866
395, 0.363291, 0.0114114
396, 0.337879, 0.0120134
397, 0.357683, 0.0110914
398, 0.361809, 0.0110494
399, 0.372682, 0.0109854
400, 0.33975, 0.0119263
401, 0.342394, 0.0114549
402, 0.35, 0.0111816
403, 0.365012, 0.0109115
404, 0.355198, 0.0111521
405, 0.360988, 0.0115136
406, 0.355665, 0.0114742
407, 0.349386, 0.0115759
408, 0.371814, 0.0113504
409, 0.340342, 0.0110659
410, 0.358293, 0.0108466
411, 0.362774, 0.0109247
412, 0.35801, 0.0114628
413, 0.359564, 0.0109882
414, 0.341063, 0.0108513
415, 0.338072, 0.0113377
416, 0.362981, 0.0110184
417, 0.351559, 0.0107357
418, 0.346651, 0.0110878
419, 0.378998, 0.0106239
420, 0.367857, 0.0105183
421, 0.35962, 0.0113154
422, 0.387915, 0.0105092
423, 0.357447, 0.0111723
424, 0.350943, 0.0114282
425, 0.343059, 0.0116136
426, 0.356573, 0.0109014
427, 0.36815, 0.0107644
428, 0.363084, 0.0110177
429, 0.336131, 0.0110888
430, 0.346977, 0.0111121
431, 0.366821, 0.0103958
432, 0.340741, 0.0108483
433, 0.359815, 0.0108572
434, 0.363134, 0.0108784
435, 0.362989, 0.010786
436, 0.355734, 0.0108832
437, 0.350114, 0.0109679
438, 0.361187, 0.0107379
439, 0.34533, 0.0110538
440, 0.362045, 0.0106881
441, 0.354422, 0.0107115
442, 0.356335, 0.0109178
443, 0.354853, 0.0105195
444, 0.345045, 0.0109828
445, 0.363371, 0.0102618
446, 0.345964, 0.0109723
447, 0.356152, 0.0106823
448, 0.363839, 0.0104014
449, 0.36147, 0.0106354
450, 0.366222, 0.0103629
451, 0.344568, 0.0108928
452, 0.373009, 0.0104688
453, 0.377925, 0.0102165
454, 0.339207, 0.0107416
455, 0.338242, 0.0105711
456, 0.349342, 0.0108502
457, 0.357768, 0.0100263
458, 0.370742, 0.0103678
459, 0.346841, 0.0105621
460, 0.33413, 0.0108639
461, 0.354664, 0.0103128
462, 0.330087, 0.010907
463, 0.361339, 0.0103757
464, 0.340086, 0.0107228
465, 0.364731, 0.0101056
466, 0.348927, 0.010588
467, 0.366809, 0.0103662
468, 0.373504, 0.00998379
469, 0.351599, 0.0108074
470, 0.345957, 0.0106058
471, 0.35414, 0.0106007
472, 0.361441, 0.0106562
473, 0.343763, 0.0105166
474, 0.370042, 0.0101824
475, 0.365053, 0.0103736
476, 0.348319, 0.010652
477, 0.36499, 0.0101726
478, 0.361715, 0.0103782
479, 0.361378, 0.0101367
480, 0.363542, 0.0101704
481, 0.344075, 0.0103211
482, 0.342946, 0.0103279
483, 0.371843, 0.0102054
484, 0.371901, 0.010218
485, 0.34866, 0.0104631
486, 0.35535, 0.0104435
487, 0.358727, 0.0101348
488, 0.351025, 0.0100722
489, 0.354192, 0.0102605
490, 0.356939, 0.0104782
491, 0.347047, 0.0101799
492, 0.346545, 0.0103607
493, 0.343813, 0.010472
494, 0.371255, 0.0101279
495, 0.365253, 0.0100488
496, 0.348185, 0.01028
497, 0.356539, 0.0100485
498, 0.346787, 0.0102743
499, 0.373948, 0.00993982
500, 0.3558, 0.00985356
501, 0.35509, 0.0101108
502, 0.357371, 0.00987769
503, 0.363221, 0.00978599
504, 0.353968, 0.0100844
505, 0.344554, 0.00986678
506, 0.351186, 0.0103154
507, 0.360158, 0.00997864
508, 0.360236, 0.0098851
509, 0.353045, 0.00998449
510, 0.357451, 0.0100912
511, 0.362035, 0.00989052
512, 0.340234, 0.0103922
513, 0.355166, 0.0102462
514, 0.350584, 0.0100199
515, 0.335922, 0.0103416
516, 0.35155, 0.0100568
517, 0.356867, 0.00970364
518, 0.372201, 0.00972936
519, 0.371291, 0.0095453
520, 0.349808, 0.0101213
521, 0.364107, 0.00955438
522, 0.340421, 0.00992794
523, 0.36195, 0.00991554
524, 0.354198, 0.00986491
525, 0.357143, 0.00981751
526, 0.355894, 0.0098487
527, 0.352941, 0.00986953
528, 0.355871, 0.00954925
529, 0.348582, 0.0100316
530, 0.36283, 0.00957587
531, 0.352354, 0.0100898
532, 0.356391, 0.0100046
533, 0.36848, 0.00948358
534, 0.360861, 0.00965682
535, 0.364299, 0.00979627
536, 0.330597, 0.0102524
537, 0.365922, 0.00934563
538, 0.366729, 0.00966443
539, 0.36475, 0.00970977
540, 0.368333, 0.00945869
541, 0.359519, 0.0100265
542, 0.351661, 0.00963543
543, 0.347882, 0.00989262
544, 0.356618, 0.00996998
545, 0.350459, 0.0096015
546, 0.348535, 0.0097335
547, 0.353748, 0.00984488
548, 0.356387, 0.00939163
549, 0.347723, 0.0101889
550, 0.362, 0.00927376
551, 0.351361, 0.0100618
552, 0.340036, 0.00970264
553, 0.36094, 0.00964299
554, 0.351805, 0.00974783
555, 0.362883, 0.0094273
556, 0.358813, 0.00933639
557, 0.34614, 0.00972205
558, 0.362186, 0.0094613
559, 0.346333, 0.00973764
560, 0.355357, 0.00977814
561, 0.354189, 0.00965083
562, 0.353559, 0.00930009
563, 0.361101, 0.00944532
564, 0.371099, 0.00951831
565, 0.348142, 0.00950338
566, 0.371201, 0.00943545
567, 0.364374, 0.00978484
568, 0.356514, 0.00911011
569, 0.359051, 0.00971165
570, 0.342807, 0.00973574
571, 0.362347, 0.00966885
572, 0.346853, 0.00968732
573, 0.345201, 0.00941103
574, 0.346864, 0.00967007
575, 0.333217, 0.00975706
576, 0.359028, 0.00943478
577, 0.365165, 0.00903041
578, 0.35173, 0.00951137
579, 0.375475, 0.00909515
580, 0.355, 0.00949928
581, 0.360241, 0.00909318
582, 0.364433, 0.00903227
583, 0.342024, 0.0095194
584, 0.352055, 0.00941275
585, 0.356752, 0.0097054
586, 0.362628, 0.00924838
587, 0.364395, 0.00898318
588, 0.346769, 0.00943898
589, 0.35348, 0.0095236
590, 0.352203, 0.00890309
591, 0.359222, 0.0092379
592, 0.358953, 0.00932771
593, 0.357504, 0.00903241
594, 0.348822, 0.00927672
595, 0.337983, 0.00944197
596, 0.373826, 0.0091703
597, 0.342881, 0.00928739
598, 0.359699, 0.00920473
599, 0.354591, 0.00909273
600, 0.370833, 0.00918326
601, 0.347421, 0.00922801
602, 0.342691, 0.00929236
603, 0.34262, 0.0094126
604, 0.357285, 0.00904373
605, 0.358512, 0.00885319
606, 0.360726, 0.00925348
607, 0.330972, 0.00944056
608, 0.360197, 0.00890238
609, 0.348933, 0.00930062
610, 0.345574, 0.00929568
611, 0.37365, 0.0087137
612, 0.370261, 0.00904744
613, 0.366232, 0.00906389
614, 0.370033, 0.00890994
615, 0.356911, 0.00921079
616, 0.358929, 0.00881284
617, 0.364182, 0.00904696
618, 0.373786, 0.00874615
619, 0.350889, 0.0091025
620, 0.343387, 0.00913292
621, 0.329308, 0.00944834
622, 0.340032, 0.00945868
623, 0.349117, 0.00926499
624, 0.357692, 0.00887408
625, 0.35632, 0.00913788
626, 0.352556, 0.00896576
627, 0.345614, 0.00888222
628, 0.367197, 0.00890358
629, 0.342448, 0.00904059
630, 0.352857, 0.0092077
631, 0.361331, 0.00880612
632, 0.340506, 0.00917763
633, 0.35466, 0.00894896
634, 0.348107, 0.00907217
635, 0.356378, 0.00878532
636, 0.359277, 0.00896575
637, 0.34584, 0.00901562
638, 0.357524, 0.00918218
639, 0.346792, 0.00888731
640, 0.354219, 0.00875957
641, 0.369111, 0.00875143
642, 0.352336, 0.00906664
643, 0.35972, 0.00865999
644, 0.350932, 0.00879894
645, 0.345581, 0.00906412
646, 0.357585, 0.00883816
647, 0.354714, 0.00899147
648, 0.342747, 0.00890071
649, 0.359476, 0.00900619
650, 0.341077, 0.00903029
651, 0.346544, 0.00906425
652, 0.349233, 0.00884128
653, 0.346554, 0.00890117
654, 0.357339, 0.00889742
655, 0.362595, 0.00880131
656, 0.354268, 0.00880301
657, 0.357991, 0.00863975
658, 0.351368, 0.00896061
659, 0.36434, 0.00880017
660, 0.35697, 0.00886564
661, 0.341452, 0.00887627
662, 0.356495, 0.00886838
663, 0.344646, 0.00876351
664, 0.357681, 0.00858577
665, 0.353233, 0.00880894
666, 0.350901, 0.00863911
667, 0.342729, 0.0090791
668, 0.367814, 0.00861241
669, 0.352915, 0.00868341
670, 0.348806, 0.00870727
671, 0.334724, 0.00909957
672, 0.346726, 0.00875739
673, 0.36315, 0.00873595
674, 0.354154, 0.0091404
675, 0.361037, 0.00857025
676, 0.33713, 0.00881116
677, 0.349483, 0.00892791
678, 0.365487, 0.00852303
679, 0.356848, 0.00857058
680, 0.359412, 0.00850399
681, 0.349633, 0.00911165
682, 0.349853, 0.0087468
683, 0.349341, 0.00854319
684, 0.359942, 0.00861487
685, 0.373139, 0.00832318
686, 0.352915, 0.00867918
687, 0.352693, 0.00859577
688, 0.356395, 0.00876827
689, 0.36894, 0.0086055
690, 0.346957, 0.00867856
691, 0.352243, 0.00853762
692, 0.353468, 0.00864902
693, 0.370996, 0.00848394
694, 0.349712, 0.00870476
695, 0.351367, 0.00866854
696, 0.351437, 0.00864682
697, 0.350215, 0.00868716
698, 0.36533, 0.00858416
699, 0.346781, 0.00866913
700, 0.344286, 0.00851255
701, 0.351498, 0.00870898
702, 0.359117, 0.00869024
703, 0.349929, 0.00878227
704, 0.353693, 0.00845503
705, 0.363688, 0.00842635
706, 0.364023, 0.00848041
707, 0.35587, 0.00846805
708, 0.367514, 0.00819365
709, 0.350353, 0.00884114
710, 0.352958, 0.00856829
711, 0.36737, 0.00832589
712, 0.360393, 0.00841093
713, 0.360168, 0.00843951
714, 0.360504, 0.00827946
715, 0.347832, 0.00862656
716, 0.375, 0.00850036
717, 0.355649, 0.00848703
718, 0.345961, 0.00850874
719, 0.358971, 0.00845999
720, 0.361528, 0.0085509
721, 0.342025, 0.00868117
722, 0.353047, 0.00830081
723, 0.350484, 0.00862957
724, 0.368508, 0.00857934
725, 0.358345, 0.00821148
726, 0.338017, 0.00871486
727, 0.365062, 0.00826599
728, 0.34533, 0.00859632
729, 0.354047, 0.00836769
730, 0.363014, 0.00850214
731, 0.353352, 0.00845715
732, 0.362842, 0.00830184
733, 0.358254, 0.00822665
734, 0.357629, 0.00840637
735, 0.359592, 0.00823662
736, 0.356793, 0.00825636
737, 0.361465, 0.00854554
738, 0.354065, 0.00818105
739, 0.357375, 0.00827183
740, 0.339459, 0.00865369
741, 0.357625, 0.00828278
742, 0.36496, 0.00807602
743, 0.352355, 0.00839793
744, 0.343683, 0.00843357
745, 0.34443, 0.00857164
746, 0.341153, 0.00845531
747, 0.358099, 0.00826942
748, 0.358422, 0.00818865
749, 0.357677, 0.00829581
750, 0.348, 0.00830657
751, 0.364447, 0.00809744
752, 0.351862, 0.00815815
753, 0.349137, 0.00830007
754, 0.355968, 0.00818187
755, 0.342119, 0.00832865
756, 0.344048, 0.00826304
757, 0.361295, 0.00801534
758, 0.359103, 0.00824007
759, 0.354545, 0.00832669
760, 0.371579, 0.00809249
761, 0.353088, 0.00802279
762, 0.355381, 0.00832304
763, 0.358322, 0.00829265
764, 0.357984, 0.0081364
765, 0.350588, 0.00825625
766, 0.349608, 0.00799387
767, 0.370665, 0.0078433
768, 0.348828, 0.00821025
769, 0.362809, 0.00810805
770, 0.365195, 0.00826562
771, 0.353956, 0.00826795
772, 0.354404, 0.00809301
773, 0.349677, 0.00821779
774, 0.362532, 0.00812757
775, 0.357935, 0.00799049
776, 0.355026, 0.00817872
777, 0.348005, 0.00830883
778, 0.350771, 0.00832847
779, 0.354172, 0.00833058
780, 0.345769, 0.00826859
781, 0.350192, 0.00817785
782, 0.348082, 0.00841391
783, 0.35083, 0.00823502
784, 0.368367, 0.00790153
785, 0.363439, 0.00788377
786, 0.355471, 0.00811476
787, 0.361499, 0.00807671
788, 0.344924, 0.00831675
789, 0.365019, 0.00802938
790, 0.366835, 0.00797881
791, 0.366498, 0.00814047
792, 0.352652, 0.00814902
793, 0.359521, 0.00774799
794, 0.362972, 0.0081282
795, 0.361258, 0.00766849
796, 0.369598, 0.00784993
797, 0.35069, 0.00811321
798, 0.362782, 0.00770291
799, 0.368961, 0.00787494
800, 0.358375, 0.00819336
801, 0.346941, 0.00832953
802, 0.361845, 0.00780199
803, 0.348568, 0.00807507
804, 0.352114, 0.00808423
805, 0.337267, 0.00814418
806, 0.36005, 0.00789901
807, 0.339777, 0.008159
808, 0.347772, 0.00812281
809, 0.35958, 0.0077833
810, 0.36679, 0.00780581
811, 0.354624, 0.00792515
812, 0.36835, 0.00751702
813, 0.360394, 0.00814085
814, 0.358231, 0.00803893
815, 0.356196, 0.00780721
816, 0.372059, 0.00753282
817, 0.362791, 0.00783821
818, 0.362347, 0.00768523
819, 0.363126, 0.00784168
820, 0.363537, 0.00790144
821, 0.35676, 0.00791202
822, 0.364112, 0.00780594
823, 0.349818, 0.0078084
824, 0.369539, 0.00776561
825, 0.356364, 0.0078787
826, 0.364165, 0.00772348
827, 0.347763, 0.00790549
828, 0.362923, 0.0078504
829, 0.348251, 0.00780916
830, 0.355422, 0.00789415
831, 0.347413, 0.00798696
832, 0.352404, 0.00811233
833, 0.358463, 0.00782459
834, 0.360432, 0.00765832
835, 0.360719, 0.00760753
836, 0.354904, 0.00805175
837, 0.348268, 0.00805278
838, 0.354057, 0.00779604
839, 0.347914, 0.00772196
840, 0.356548, 0.00795609
841, 0.35874, 0.00778615
842, 0.359976, 0.00762885
843, 0.359549, 0.00761328
844, 0.348341, 0.00772124
845, 0.353964, 0.00788375
846, 0.367139, 0.00765009
847, 0.346163, 0.007987
848, 0.362854, 0.00772382
849, 0.357479, 0.00770349
850, 0.348118, 0.0079481
851, 0.36322, 0.00772157
852, 0.360681, 0.00779017
853, 0.352872, 0.00778746
854, 0.347073, 0.00762363
855, 0.344561, 0.00781722
856, 0.357009, 0.00767817
857, 0.34014, 0.00792944
858, 0.3331, 0.0076817
859, 0.362165, 0.0074451
860, 0.35314, 0.00788142
861, 0.349245, 0.0077279
862, 0.344084, 0.00773573
863, 0.365238, 0.00766678
864, 0.361806, 0.00755066
865, 0.361272, 0.00768874
866, 0.365473, 0.00760878
867, 0.359285, 0.00768141
868, 0.351613, 0.00771698
869, 0.343383, 0.00765524
870, 0.358161, 0.0076863
871, 0.352813, 0.00749447
872, 0.363073, 0.00752271
873, 0.349943, 0.00762086
874, 0.351602, 0.00777214
875, 0.360571, 0.00789562
876, 0.358447, 0.00776319
877, 0.35325, 0.00760328
878, 0.35, 0.00771256
879, 0.348464, 0.0074197
880, 0.342159, 0.0076842
881, 0.343587, 0.00768222
882, 0.348413, 0.00775155
883, 0.350849, 0.00760608
884, 0.354864, 0.00768641
885, 0.349153, 0.00772272
886, 0.346727, 0.00777107
887, 0.3531, 0.00750112
888, 0.3625, 0.00752243
889, 0.358718, 0.0075688
890, 0.348427, 0.00758762
891, 0.3633, 0.00764753
892, 0.36704, 0.00753468
893, 0.350616, 0.007647
894, 0.355034, 0.00758917
895, 0.363911, 0.0073882
896, 0.351228, 0.00750998
897, 0.360201, 0.00735187
898, 0.356013, 0.00755702
899, 0.352392, 0.00743047
900, 0.349889, 0.00766506
901, 0.372919, 0.00715154
902, 0.363747, 0.00731409
903, 0.353821, 0.00759728
904, 0.354093, 0.00733974
905, 0.353923, 0.0077921
906, 0.34989, 0.00772193
907, 0.358986, 0.00735931
908, 0.353634, 0.00758858
909, 0.343894, 0.00759623
910, 0.360989, 0.00740802
911, 0.354446, 0.0076524
912, 0.354934, 0.00759179
913, 0.365827, 0.00735835
914, 0.351094, 0.00765582
915, 0.351366, 0.00755331
916, 0.348472, 0.00742742
917, 0.348855, 0.00740676
918, 0.351525, 0.00751814
919, 0.35321, 0.00747006
920, 0.353478, 0.00739201
921, 0.345928, 0.00749321
922, 0.344794, 0.00746406
923, 0.360672, 0.00734513
924, 0.354978, 0.00740588
925, 0.346595, 0.00741481
926, 0.36879, 0.00700098
927, 0.36397, 0.00744857
928, 0.353987, 0.00751884
929, 0.36986, 0.0070992
930, 0.353226, 0.00747411
931, 0.345972, 0.00743799
932, 0.358906, 0.0075882
933, 0.356484, 0.00742366
934, 0.34454, 0.00748754
935, 0.357219, 0.00744901
936, 0.352885, 0.00733627
937, 0.350694, 0.00748299
938, 0.351919, 0.00737394
939, 0.350799, 0.00726262
940, 0.356596, 0.00750955
941, 0.362168, 0.00731128
942, 0.346285, 0.0073442
943, 0.359703, 0.00734918
944, 0.351907, 0.00733741
945, 0.360952, 0.00743676
946, 0.359408, 0.00718515
947, 0.358184, 0.00715132
948, 0.367722, 0.00724187
949, 0.364067, 0.00730697
950, 0.357789, 0.00736521
951, 0.345216, 0.00738435
952, 0.367227, 0.00707437
953, 0.367786, 0.00729114
954, 0.351887, 0.00741066
955, 0.360524, 0.00714515
956, 0.351151, 0.00748392
957, 0.363427, 0.00734432
958, 0.347808, 0.00742012
959, 0.339729, 0.00749451
960, 0.358229, 0.00731655
961, 0.365869, 0.00702224
962, 0.343971, 0.00754838
963, 0.345275, 0.00749292
964, 0.354876, 0.00717698
965, 0.368394, 0.00720383
966, 0.353002, 0.00730429
967, 0.347673, 0.00750524
968, 0.369215, 0.00717976
969, 0.362436, 0.00715377
970, 0.363711, 0.00725341
971, 0.345829, 0.00740291
972, 0.357202, 0.00732837
973, 0.352929, 0.00740722
974, 0.357495, 0.00720738
975, 0.356205, 0.00732741
976, 0.346414, 0.00732187
977, 0.348823, 0.00741776
978, 0.352965, 0.00723565
979, 0.351583, 0.0072072
980, 0.351122, 0.00728065
981, 0.350561, 0.00728204
982, 0.355295, 0.0073424
983, 0.35178, 0.0072188
984, 0.370528, 0.00708657
985, 0.355838, 0.00713908
986, 0.359331, 0.00700011
987, 0.348227, 0.00729233
988, 0.358097, 0.00709551
989, 0.364611, 0.00717551
990, 0.339798, 0.00746054
991, 0.363976, 0.00729922
992, 0.354435, 0.00740228
993, 0.343907, 0.00737732
994, 0.355835, 0.00716699
995, 0.358392, 0.00720803
996, 0.360241, 0.00719436
997, 0.358175, 0.00708141
998, 0.360321, 0.00719134
999, 0.358358, 0.00724795
1000, 0.3638, 0.00722977
1001, 0.344456, 0.00740689
1002, 0.361178, 0.00710056
1003, 0.35015, 0.00731885
1004, 0.359661, 0.00718212
1005, 0.363582, 0.00705185
1006, 0.358946, 0.00705937
1007, 0.361569, 0.00698973
1008, 0.36627, 0.00700745
1009, 0.371853, 0.00707083
1010, 0.352178, 0.00719443
1011, 0.351632, 0.00706821
1012, 0.360178, 0.00710949
1013, 0.369891, 0.00697695
1014, 0.36499, 0.00682166
1015, 0.359901, 0.00703437
1016, 0.346161, 0.00723174
1017, 0.346608, 0.00702555
1018, 0.347642, 0.00723585
1019, 0.353582, 0.00704079
1020, 0.353431, 0.00707365
1021, 0.351224, 0.00713649
1022, 0.359687, 0.00693123
1023, 0.354252, 0.00729669
1024, 0.365625, 0.00696242
1025, 0.342634, 0.0072384
1026, 0.357602, 0.00702199
1027, 0.366018, 0.0068758
1028, 0.355837, 0.00701705
1029, 0.369096, 0.00703325
1030, 0.353689, 0.00708944
1031, 0.351406, 0.00712458
1032, 0.349419, 0.00714822
1033, 0.35576, 0.00711031
1034, 0.351064, 0.00720382
1035, 0.363188, 0.007049
1036, 0.342664, 0.00699352
1037, 0.351784, 0.00714048
1038, 0.355395, 0.00689648
1039, 0.352358, 0.00722629
1040, 0.360192, 0.00691586
1041, 0.358213, 0.00689453
1042, 0.335893, 0.00719306
1043, 0.346596, 0.00708425
1044, 0.346839, 0.0069969
1045, 0.345263, 0.00724049
1046, 0.357361, 0.00721644
1047, 0.35893, 0.00720295
1048, 0.355439, 0.00703193
1049, 0.344519, 0.0070602
1050, 0.354095, 0.00703005
1051, 0.353283, 0.00703037
1052, 0.361787, 0.00696735
1053, 0.354321, 0.00705782
1054, 0.351708, 0.00691441
1055, 0.353839, 0.00701818
1056, 0.341383, 0.0071458
1057, 0.347966, 0.00699443
1058, 0.36172, 0.00708694
1059, 0.357035, 0.00685341
1060, 0.338208, 0.0069647
1061, 0.367578, 0.00685538
1062, 0.37919, 0.00683632
1063, 0.35682, 0.00701639
1064, 0.355169, 0.00703392
1065, 0.347324, 0.0071148
1066, 0.35591, 0.00694233
1067, 0.356888, 0.00692246
1068, 0.357772, 0.00695949
1069, 0.350514, 0.0069622
1070, 0.365888, 0.00683745
1071, 0.355182, 0.00692133
1072, 0.356623, 0.00693022
1073, 0.362815, 0.00679034
1074, 0.351117, 0.0068297
1075, 0.350977, 0.00704564
1076, 0.372862, 0.00687026
1077, 0.364253, 0.00680498
1078, 0.340631, 0.00699989
1079, 0.351993, 0.00700156
1080, 0.361852, 0.00679457
1081, 0.353562, 0.00690332
1082, 0.347412, 0.00702511
1083, 0.367498, 0.00681012
1084, 0.350092, 0.00692865
1085, 0.371336, 0.00640925
1086, 0.353315, 0.00692037
1087, 0.355106, 0.00691315
1088, 0.361857, 0.006914
1089, 0.3427, 0.00697552
1090, 0.353394, 0.00685023
1091, 0.356737, 0.00690905
1092, 0.365385, 0.0066788
1093, 0.358554, 0.00672274
1094, 0.346709, 0.00672596
1095, 0.353607, 0.00689986
1096, 0.359489, 0.00669992
1097, 0.3567, 0.00675756
1098, 0.357377, 0.00687872
1099, 0.357507, 0.0067362
1100, 0.353727, 0.00686196
1101, 0.362943, 0.0066946
1102, 0.359256, 0.00684385
1103, 0.356936, 0.00680293
1104, 0.354801, 0.00678167
1105, 0.363167, 0.00684267
1106, 0.355244, 0.00681754
1107, 0.36495, 0.00683085
1108, 0.368321, 0.00681621
1109, 0.36321, 0.00666042
1110, 0.347658, 0.00678187
1111, 0.350135, 0.00688775
1112, 0.353058, 0.00691743
1113, 0.354627, 0.00675701
1114, 0.366068, 0.00659753
1115, 0.349686, 0.00687065
1116, 0.365323, 0.00665427
1117, 0.356938, 0.0066369
1118, 0.349642, 0.00693273
1119, 0.354066, 0.00669937
1120, 0.356875, 0.00679669
1121, 0.352007, 0.0068205
1122, 0.367112, 0.00662999
1123, 0.362689, 0.00670914
1124, 0.352847, 0.00685116
1125, 0.358578, 0.00673856
1126, 0.346892, 0.00670407
1127, 0.351553, 0.00673976
1128, 0.359309, 0.00671669
1129, 0.347653, 0.00672091
1130, 0.34469, 0.00689091
1131, 0.360743, 0.00657251
1132, 0.351502, 0.00680197
1133, 0.353928, 0.00661283
1134, 0.356878, 0.00664375
1135, 0.342643, 0.00682328
1136, 0.353169, 0.00674945
1137, 0.355761, 0.00675704
1138, 0.350439, 0.00665317
1139, 0.354873, 0.00679163
1140, 0.345702, 0.00676685
1141, 0.356354, 0.00684321
1142, 0.355166, 0.0068
1143, 0.346982, 0.00679757
1144, 0.354633, 0.00662813
1145, 0.3531, 0.00666345
1146, 0.353927, 0.00670185
1147, 0.355187, 0.00666582
1148, 0.346603, 0.00677299
1149, 0.361793, 0.00664944
1150, 0.358435, 0.00665164
1151, 0.356212, 0.00678746
1152, 0.353385, 0.00670748
1153, 0.359757, 0.0066705
1154, 0.359965, 0.00679071
1155, 0.361385, 0.00668507
1156, 0.358391, 0.00663719
1157, 0.358513, 0.00670984
1158, 0.351641, 0.00673309
1159, 0.363503, 0.00649499
1160, 0.365948, 0.00659497
1161, 0.354866, 0.00658197
1162, 0.366093, 0.00650434
1163, 0.359587, 0.0066214
1164, 0.354725, 0.00674954
1165, 0.352275, 0.00657235
1166, 0.360978, 0.00654023
1167, 0.353728, 0.00650911
1168, 0.361729, 0.00643659
1169, 0.356202, 0.00660832
1170, 0.354017, 0.00657765
1171, 0.352007, 0.00670695
1172, 0.354608, 0.00659844
1173, 0.35081, 0.00657884
1174, 0.353833, 0.00651926
1175, 0.361106, 0.00664335
1176, 0.358759, 0.00670582
1177, 0.350212, 0.00662388
1178, 0.355857, 0.00661075
1179, 0.36039, 0.00637207
1180, 0.360932, 0.00650111
1181, 0.36105, 0.00655271
1182, 0.358037, 0.00663461
1183, 0.354945, 0.00674811
1184, 0.351943, 0.00669714
1185, 0.362954, 0.00652816
1186, 0.362985, 0.00650964
1187, 0.350885, 0.00660924
1188, 0.354125, 0.00655539
1189, 0.355088, 0.0064963
1190, 0.352857, 0.00669771
1191, 0.360118, 0.00661422
1192, 0.358138, 0.00658763
1193, 0.345516, 0.00654665
1194, 0.341457, 0.00668118
1195, 0.358912, 0.0064859
1196, 0.353094, 0.0066058
1197, 0.356642, 0.00647006
1198, 0.359683, 0.00666436
1199, 0.353545, 0.00666192
1200, 0.365583, 0.00635132
1201, 0.356786, 0.00656082
1202, 0.353078, 0.00644926
1203, 0.35054, 0.0066129
1204, 0.352326, 0.00645405
1205, 0.358091, 0.00643106
1206, 0.352488, 0.0065996
1207, 0.356007, 0.00641935
1208, 0.353891, 0.00647506
1209, 0.365095, 0.0065728
1210, 0.360165, 0.00652526
1211, 0.367795, 0.00647706
1212, 0.333251, 0.0066964
1213, 0.36183, 0.00632713
1214, 0.359143, 0.00646995
1215, 0.358436, 0.00664025
1216, 0.347204, 0.00649361
1217, 0.362531, 0.00651325
1218, 0.359606, 0.00651832
1219, 0.353486, 0.00652123
1220, 0.352787, 0.00652659
1221, 0.35045, 0.00650228
1222, 0.355646, 0.00647341
1223, 0.353884, 0.00644445
1224, 0.356536, 0.00657402
1225, 0.357388, 0.00639636
1226, 0.357586, 0.00637753
1227, 0.346129, 0.00651839
1228, 0.356922, 0.00645181
1229, 0.356306, 0.00653694
1230, 0.339919, 0.00668103
1231, 0.35459, 0.0064279
1232, 0.35138, 0.00644246
1233, 0.34558, 0.00655774
1234, 0.357618, 0.00645524
1235, 0.347611, 0.00647067
1236, 0.358657, 0.00654277
1237, 0.34139, 0.00649855
1238, 0.362197, 0.0064007
1239, 0.355206, 0.0065611
1240, 0.344839, 0.00651516
1241, 0.363336, 0.00641622
1242, 0.361353, 0.00641828
1243, 0.350845, 0.00645846
1244, 0.356913, 0.00640421
1245, 0.353092, 0.00632657
1246, 0.358748, 0.0063732
1247, 0.352847, 0.00635028
1248, 0.350481, 0.00642825
1249, 0.354123, 0.00648574
1250, 0.35424, 0.00637207
1251, 0.360192, 0.00636572
1252, 0.353674, 0.00627458
1253, 0.353791, 0.00644102
1254, 0.358134, 0.00638815
1255, 0.350757, 0.00645648
1256, 0.357882, 0.00642501
1257, 0.35187, 0.00628924
1258, 0.361685, 0.00635101
1259, 0.362113, 0.00633649
1260, 0.357063, 0.00644604
1261, 0.362173, 0.00638792
1262, 0.352377, 0.00635931
1263, 0.34901, 0.00646132
1264, 0.359019, 0.00636349
1265, 0.357154, 0.00629826
1266, 0.362954, 0.00628211
1267, 0.355091, 0.0062832
1268, 0.353549, 0.00645118
1269, 0.360284, 0.00625961
1270, 0.352913, 0.00622118
1271, 0.368922, 0.0063375
1272, 0.371462, 0.00627426
1273, 0.356716, 0.00627479
1274, 0.349843, 0.00636543
1275, 0.35451, 0.00640941
1276, 0.355564, 0.00644115
1277, 0.356069, 0.00622272
1278, 0.362285, 0.00624324
1279, 0.356138, 0.00632531
1280, 0.364531, 0.00625633
1281, 0.360265, 0.00630473
1282, 0.35117, 0.00635538
1283, 0.361574, 0.00648355
1284, 0.359034, 0.00637894
1285, 0.356654, 0.00637542
1286, 0.35451, 0.00629854
1287, 0.356721, 0.00626531
1288, 0.346351, 0.00627792
1289, 0.353064, 0.00622139
1290, 0.347829, 0.00640645
1291, 0.360263, 0.00627141
1292, 0.346749, 0.00631535
1293, 0.357154, 0.00625955
1294, 0.346445, 0.00649236
1295, 0.349112, 0.00636007
1296, 0.358179, 0.00628057
1297, 0.349268, 0.00625145
1298, 0.353929, 0.00630918
1299, 0.36759, 0.00620009
1300, 0.364154, 0.00617734
1301, 0.355342, 0.00619389
1302, 0.356836, 0.00634346
1303, 0.358173, 0.00623537
1304, 0.35115, 0.00629667
1305, 0.349579, 0.00639754
1306, 0.35268, 0.00630553
1307, 0.349732, 0.00634015
1308, 0.364832, 0.00617812
1309, 0.357678, 0.00626131
1310, 0.352366, 0.00627013
1311, 0.35881, 0.00627871
1312, 0.360213, 0.00624177
1313, 0.361995, 0.00624773
1314, 0.354262, 0.0063015
1315, 0.35635, 0.00630741
1316, 0.347948, 0.00625987
1317, 0.353759, 0.00614865
1318, 0.362671, 0.00629072
1319, 0.354814, 0.00625586
1320, 0.353712, 0.00620573
1321, 0.356094, 0.00611503
1322, 0.361346, 0.00624935
1323, 0.349055, 0.00621857
1324, 0.359668, 0.00628416
1325, 0.355321, 0.00625346
1326, 0.352338, 0.00639061
1327, 0.346194, 0.00624873
1328, 0.366566, 0.00626113
1329, 0.349135, 0.00638034
1330, 0.350075, 0.00622949
1331, 0.356649, 0.00630427
1332, 0.351952, 0.00624726
1333, 0.353038, 0.00632565
1334, 0.363268, 0.00613229
1335, 0.366517, 0.00619477
1336, 0.359656, 0.00601395
1337, 0.371803, 0.00616348
1338, 0.358296, 0.00622948
1339, 0.362061, 0.00610083
1340, 0.34791, 0.00627151
1341, 0.351156, 0.00622617
1342, 0.34687, 0.00633172
1343, 0.358972, 0.00617747
1344, 0.360565, 0.00609438
1345, 0.347881, 0.0062664
1346, 0.354903, 0.00606091
1347, 0.35167, 0.00618923
1348, 0.357344, 0.00623751
1349, 0.359748, 0.00616227
1350, 0.360815, 0.00623355
1351, 0.358327, 0.00613797
1352, 0.352441, 0.00629316
1353, 0.344346, 0.00627752
1354, 0.3613, 0.00606208
1355, 0.340148, 0.00618853
1356, 0.351622, 0.00617211
1357, 0.344657, 0.00623879
1358, 0.362445, 0.00619803
1359, 0.355335, 0.00612818
1360, 0.348456, 0.00607216
1361, 0.364732, 0.00597853
1362, 0.356167, 0.00611531
1363, 0.35664, 0.00619717
1364, 0.354692, 0.00616621
1365, 0.344396, 0.00616472
1366, 0.359663, 0.00611295
1367, 0.349671, 0.00616386
1368, 0.359795, 0.00602832
1369, 0.361213, 0.00600536
1370, 0.35781, 0.00608172
1371, 0.353173, 0.00617077
1372, 0.343659, 0.00606381
1373, 0.361617, 0.0060503
1374, 0.352766, 0.00608246
1375, 0.363418, 0.00613113
1376, 0.35327, 0.00606844
1377, 0.354031, 0.00611921
1378, 0.351524, 0.00604904
1379, 0.360116, 0.00617737
1380, 0.351159, 0.00619335
1381, 0.349819, 0.00620766
1382, 0.343126, 0.00607598
1383, 0.353435, 0.00604014
1384, 0.362789, 0.00614517
1385, 0.354152, 0.00622861
1386, 0.359885, 0.00595794
1387, 0.34571, 0.00620889
1388, 0.362968, 0.00606201
1389, 0.35378, 0.00601196
1390, 0.353597, 0.00612048
1391, 0.355643, 0.00604965
1392, 0.347486, 0.00620946
1393, 0.356569, 0.00614789
1394, 0.353587, 0.00607969
1395, 0.370753, 0.00604309
1396, 0.360172, 0.00593241
1397, 0.360415, 0.00608493
1398, 0.351001, 0.0060651
1399, 0.374911, 0.00583728
1400, 0.347, 0.0062035
1401, 0.35853, 0.00608263
1402, 0.356491, 0.00595934
1403, 0.357733, 0.00602623
1404, 0.355128, 0.00612424
1405, 0.340498, 0.0062116
1406, 0.356828, 0.00608719
1407, 0.353518, 0.00619684
1408, 0.361861, 0.00598456
1409, 0.343577, 0.00605492
1410, 0.354397, 0.00609342
1411, 0.354288, 0.00605203
1412, 0.353187, 0.00606737
1413, 0.360651, 0.00592252
1414, 0.356719, 0.0060718
1415, 0.355194, 0.00608182
1416, 0.348023, 0.00607814
1417, 0.362738, 0.00614227
1418, 0.361142, 0.00596604
1419, 0.364341, 0.00593456
1420, 0.361972, 0.00591325
1421, 0.350246, 0.00601812
1422, 0.356329, 0.00610795
1423, 0.360647, 0.00597934
1424, 0.352388, 0.00606019
1425, 0.348772, 0.0059156
1426, 0.355891, 0.00606564
1427, 0.358094, 0.00595754
1428, 0.353922, 0.00605765
1429, 0.350945, 0.00597127
1430, 0.354196, 0.00601357
1431, 0.349755, 0.00602996
1432, 0.360405, 0.00596096
1433, 0.356804, 0.00590306
1434, 0.357113, 0.00605501
1435, 0.352544, 0.00602045
1436, 0.349513, 0.00607846
1437, 0.354419, 0.00600264
1438, 0.361822, 0.00598352
1439, 0.352953, 0.00595958
1440, 0.351181, 0.00609918
1441, 0.355656, 0.00588177
1442, 0.367961, 0.00585981
1443, 0.35842, 0.00598574
1444, 0.351801, 0.00607232
1445, 0.366159, 0.00581213
1446, 0.351176, 0.00601592
1447, 0.367312, 0.00587397
1448, 0.359876, 0.0059472
1449, 0.357143, 0.00598263
1450, 0.343517, 0.00605814
1451, 0.366368, 0.00588911
1452, 0.363154, 0.00586083
1453, 0.34618, 0.00604357
1454, 0.368157, 0.0058905
1455, 0.362612, 0.00588607
1456, 0.359135, 0.0059177
1457, 0.349211, 0.00600624
1458, 0.358299, 0.00609865
1459, 0.350651, 0.0059668
1460, 0.35411, 0.00599013
1461, 0.353457, 0.00598563
1462, 0.362791, 0.00591629
1463, 0.365345, 0.00582375
1464, 0.359426, 0.00594183
1465, 0.356928, 0.00590719
1466, 0.357572, 0.00583054
1467, 0.348194, 0.00580266
1468, 0.358787, 0.0059118
1469, 0.354187, 0.00589167
1470, 0.342177, 0.00597266
1471, 0.360775, 0.00586005
1472, 0.360734, 0.00594771
1473, 0.353089, 0.00600914
1474, 0.348779, 0.00600715
1475, 0.351525, 0.00588247
1476, 0.358333, 0.00586063
1477, 0.349018, 0.00599985
1478, 0.360961, 0.00588662
1479, 0.36856, 0.00585189
1480, 0.358243, 0.00585384
1481, 0.367117, 0.00587203
1482, 0.35027, 0.00598165
1483, 0.364127, 0.00594049
1484, 0.350337, 0.00589728
1485, 0.348889, 0.00595991
1486, 0.354913, 0.00573544
1487, 0.342367, 0.00597919
1488, 0.355108, 0.00587879
1489, 0.365749, 0.00584297
1490, 0.356846, 0.00592185
1491, 0.362844, 0.00585316
1492, 0.353418, 0.00584735
1493, 0.357066, 0.00580745
1494, 0.360442, 0.00587546
1495, 0.339398, 0.00595466
1496, 0.364773, 0.00579023
1497, 0.35344, 0.00592322
1498, 0.348865, 0.00592146
1499, 0.349233, 0.00576759
1500, 0.351733, 0.00579293
1501, 0.358294, 0.00579993
1502, 0.349268, 0.00603161
1503, 0.359148, 0.00579537
1504, 0.359973, 0.00586655
1505, 0.361063, 0.00579554
1506, 0.347809, 0.00598928
1507, 0.361712, 0.00576584
1508, 0.362997, 0.0058429
1509, 0.359046, 0.00584856
1510, 0.357417, 0.0058478
1511, 0.354732, 0.00587725
1512, 0.350397, 0.00585232
1513, 0.349636, 0.00586571
1514, 0.360634, 0.00569848
1515, 0.351815, 0.00593408
1516, 0.358179, 0.00583274
1517, 0.353856, 0.00580953
1518, 0.355138, 0.0058238
1519, 0.350165, 0.0058208
1520, 0.359211, 0.0057839
1521, 0.352071, 0.00587375
1522, 0.358476, 0.0059277
1523, 0.354892, 0.00579636
1524, 0.347769, 0.00588588
1525, 0.354623, 0.00570001
1526, 0.365203, 0.00579354
1527, 0.366798, 0.00579805
1528, 0.349084, 0.00586158
1529, 0.354807, 0.00585732
1530, 0.364641, 0.00577746
1531, 0.350882, 0.00582259
1532, 0.348825, 0.00587641
1533, 0.361709, 0.00569432
1534, 0.354498, 0.00581258
1535, 0.351726, 0.00573856
1536, 0.363932, 0.00577125
1537, 0.35797, 0.00577421
1538, 0.356827, 0.00590545
1539, 0.359454, 0.00576762
1540, 0.355844, 0.00585127
1541, 0.355548, 0.00577675
1542, 0.348962, 0.00577913
1543, 0.358198, 0.0058102
1544, 0.356477, 0.00580866
1545, 0.356699, 0.00582212
1546, 0.360737, 0.00577844
1547, 0.360569, 0.00562619
1548, 0.356072, 0.00582875
1549, 0.363331, 0.00567438
1550, 0.351742, 0.00587027
1551, 0.348227, 0.00581318
1552, 0.358956, 0.00586006
1553, 0.358339, 0.00568087
1554, 0.358237, 0.00575419
1555, 0.354405, 0.00582117
1556, 0.355206, 0.00569729
1557, 0.350996, 0.00574136
1558, 0.363222, 0.00564763
1559, 0.352983, 0.00590831
1560, 0.347179, 0.00585855
1561, 0.347854, 0.0057803
1562, 0.356402, 0.00581146
1563, 0.359181, 0.00564892
1564, 0.357033, 0.0057606
1565, 0.352652, 0.00572024
1566, 0.354917, 0.00582525
1567, 0.343778, 0.00584735
1568, 0.347321, 0.00574436
1569, 0.352645, 0.00563438
1570, 0.351783, 0.00564692
1571, 0.350095, 0.00577348
1572, 0.367812, 0.00568801
1573, 0.356198, 0.00577611
1574, 0.353304, 0.00577334
1575, 0.352127, 0.00559921
1576, 0.359327, 0.00578571
1577, 0.3513, 0.00575614
1578, 0.352915, 0.00569044
1579, 0.346358, 0.00569582
1580, 0.350253, 0.0057713
1581, 0.359836, 0.00565734
1582, 0.35708, 0.00567831
1583, 0.359002, 0.0057638
1584, 0.351263, 0.00563454
1585, 0.362082, 0.00560951
1586, 0.338903, 0.00580383
1587, 0.341651, 0.00587523
1588, 0.363287, 0.00558467
1589, 0.361611, 0.00559706
1590, 0.369497, 0.00563343
1591, 0.356882, 0.00570834
1592, 0.360741, 0.00547371
1593, 0.35769, 0.00570415
1594, 0.355144, 0.00577583
1595, 0.357492, 0.00565926
1596, 0.352882, 0.00569234
1597, 0.345147, 0.00567905
1598, 0.352816, 0.00569779
1599, 0.346654, 0.00562433
1600, 0.365, 0.00558598
1601, 0.348907, 0.00572943
1602, 0.358989, 0.00554803
1603, 0.352027, 0.00562904
1604, 0.349875, 0.0056644
1605, 0.350903, 0.00571823
1606, 0.357098, 0.00565749
1607, 0.362601, 0.00559297
1608, 0.356405, 0.00567981
1609, 0.350901, 0.00569554
1610, 0.350186, 0.00582809
1611, 0.346182, 0.00571425
1612, 0.350806, 0.00564921
1613, 0.353565, 0.00561578
1614, 0.353036, 0.00580622
1615, 0.350464, 0.00580913
1616, 0.361696, 0.00563829
1617, 0.351391, 0.00566663
1618, 0.360012, 0.0056477
1619, 0.350401, 0.0056955
1620, 0.358889, 0.00566363
1621, 0.356138, 0.0054773
1622, 0.358323, 0.00559111
1623, 0.340419, 0.00568084
1624, 0.359175, 0.00555155
1625, 0.351569, 0.00564004
1626, 0.352399, 0.00568059
1627, 0.37099, 0.00544391
1628, 0.34527, 0.00572848
1629, 0.340454, 0.0057332
1630, 0.358344, 0.00563688
1631, 0.354629, 0.00562077
1632, 0.357108, 0.00556343
1633, 0.352419, 0.00567204
1634, 0.361628, 0.00557366
1635, 0.35419, 0.00560823
1636, 0.36357, 0.00547974
1637, 0.362859, 0.00558279
1638, 0.353724, 0.00559574
1639, 0.340268, 0.00561193
1640, 0.350244, 0.00562498
1641, 0.359659, 0.00546647
1642, 0.35743, 0.00563376
1643, 0.350883, 0.00559906
1644, 0.349635, 0.00559114
1645, 0.351307, 0.00552388
1646, 0.359964, 0.00561998
1647, 0.356345, 0.00559486
1648, 0.348665, 0.00555267
1649, 0.353123, 0.0056364
1650, 0.358909, 0.0055465
1651, 0.3596, 0.00543761
1652, 0.359383, 0.00557705
1653, 0.360617, 0.00555663
1654, 0.352902, 0.00554585
1655, 0.368157, 0.00553627
1656, 0.35628, 0.00546338
1657, 0.363549, 0.00557767
1658, 0.348552, 0.00560046
1659, 0.351718, 0.00558412
1660, 0.352108, 0.0056653
1661, 0.352077, 0.00557813
1662, 0.354633, 0.00555637
1663, 0.35923, 0.00561701
1664, 0.354267, 0.00560249
1665, 0.353754, 0.00548881
1666, 0.344538, 0.00553314
1667, 0.353689, 0.00561729
1668, 0.363249, 0.00550245
1669, 0.363691, 0.00545005
1670, 0.356766, 0.00557879
1671, 0.353561, 0.00554317
1672, 0.353648, 0.00562385
1673, 0.352421, 0.00554545
1674, 0.346296, 0.00560136
1675, 0.352776, 0.00553889
1676, 0.353401, 0.00548896
1677, 0.357484, 0.00552469
1678, 0.360012, 0.00553323
1679, 0.363014, 0.00541017
1680, 0.360595, 0.00555875
1681, 0.358596, 0.00544955
1682, 0.35107, 0.00555124
1683, 0.358467, 0.00553915
1684, 0.353682, 0.00554223
1685, 0.362967, 0.00545959
1686, 0.357355, 0.00556724
1687, 0.353053, 0.00549525
1688, 0.361197, 0.0054221
1689, 0.356661, 0.00547101
1690, 0.351716, 0.00563344
1691, 0.346659, 0.00554715
1692, 0.359634, 0.00556539
1693, 0.355405, 0.00554042
1694, 0.356966, 0.00549196
1695, 0.355988, 0.00555252
1696, 0.366745, 0.00544769
1697, 0.363936, 0.00554272
1698, 0.358068, 0.00555389
1699, 0.355798, 0.00551041
1700, 0.355059, 0.00534636
1701, 0.356379, 0.00545704
1702, 0.344771, 0.00557667
1703, 0.352085, 0.00545148
1704, 0.355634, 0.00548531
1705, 0.36217, 0.00552286
1706, 0.352755, 0.00550972
1707, 0.355829, 0.00550641
1708, 0.348653, 0.00552052
1709, 0.358221, 0.00550082
1710, 0.360234, 0.00544318
1711, 0.360316, 0.00540091
1712, 0.355023, 0.00549428
1713, 0.367192, 0.00540536
1714, 0.361319, 0.0053404
1715, 0.346472, 0.00552326
1716, 0.35338, 0.00547322
1717, 0.355271, 0.00546241
1718, 0.36915, 0.00537291
1719, 0.34904, 0.0055736
1720, 0.3575, 0.00544601
1721, 0.358454, 0.00537846
1722, 0.346574, 0.00547557
1723, 0.359954, 0.00543942
1724, 0.359223, 0.00547655
1725, 0.353217, 0.0054281
1726, 0.363731, 0.00528183
1727, 0.347944, 0.00556692
1728, 0.357407, 0.00556354
1729, 0.360208, 0.0054613
1730, 0.366821, 0.00526791
1731, 0.351242, 0.00551893
1732, 0.355716, 0.00547292
1733, 0.35805, 0.00535369
1734, 0.358189, 0.00543321
1735, 0.358905, 0.00532135
1736, 0.364516, 0.00538137
1737, 0.361025, 0.00535905
1738, 0.357768, 0.00526019
1739, 0.353767, 0.0054439
1740, 0.363851, 0.00536783
1741, 0.36008, 0.00533328
1742, 0.360046, 0.00543441
1743, 0.358405, 0.00542629
1744, 0.367833, 0.00540895
1745, 0.353295, 0.00539058
1746, 0.355097, 0.00536174
1747, 0.354264, 0.00536283
1748, 0.350286, 0.0055297
1749, 0.353516, 0.00538212
1750, 0.359657, 0.00545682
1751, 0.360137, 0.00536707
1752, 0.353253, 0.00538776
1753, 0.355106, 0.0053785
1754, 0.367332, 0.00541103
1755, 0.358291, 0.00529721
1756, 0.357859, 0.00538995
1757, 0.357769, 0.00542777
1758, 0.354835, 0.00546472
1759, 0.35884, 0.00541305
1760, 0.354432, 0.00547833
1761, 0.351902, 0.00544305
1762, 0.356356, 0.00540842
1763, 0.359047, 0.00539371
1764, 0.360658, 0.0053037
1765, 0.346402, 0.00548288
1766, 0.356569, 0.00538442
1767, 0.359366, 0.0054076
1768, 0.34638, 0.00542447
1769, 0.356868, 0.00542618
1770, 0.360565, 0.00536716
1771, 0.358724, 0.00538741
1772, 0.353442, 0.00533972
1773, 0.362549, 0.00526482
1774, 0.356144, 0.00537284
1775, 0.350986, 0.00535703
1776, 0.350394, 0.00541712
1777, 0.355149, 0.00533914
1778, 0.349719, 0.00532217
1779, 0.355424, 0.00539615
1780, 0.347584, 0.00542359
1781, 0.359573, 0.0053981
1782, 0.35651, 0.00537783
1783, 0.349579, 0.00538352
1784, 0.355942, 0.00530641
1785, 0.358263, 0.0054032
1786, 0.356495, 0.0053097
1787, 0.348853, 0.0053325
1788, 0.359172, 0.00529756
1789, 0.362269, 0.00526512
1790, 0.357151, 0.00535333
1791, 0.351312, 0.00547791
1792, 0.350893, 0.00542985
1793, 0.357446, 0.00532804
1794, 0.358863, 0.00540674
1795, 0.356769, 0.00534892
1796, 0.356459, 0.00535087
1797, 0.361213, 0.00541669
1798, 0.359677, 0.00532205
1799, 0.34597, 0.00531914
1800, 0.358222, 0.00531706
1801, 0.363465, 0.00533835
1802, 0.350222, 0.00538562
1803, 0.34548, 0.00533919
1804, 0.36092, 0.00534211
1805, 0.359446, 0.00530907
1806, 0.356755, 0.00527894
1807, 0.358052, 0.0051967
1808, 0.351659, 0.00530959
1809, 0.362908, 0.00531201
1810, 0.362652, 0.00527893
1811, 0.358918, 0.00531023
1812, 0.358333, 0.0053405
1813, 0.365913, 0.00530064
1814, 0.362128, 0.00531533
1815, 0.358127, 0.00531895
1816, 0.3538, 0.00540192
1817, 0.348707, 0.00535517
1818, 0.358031, 0.00533717
1819, 0.362287, 0.00527513
1820, 0.358846, 0.00521971
1821, 0.351565, 0.00534026
1822, 0.356476, 0.00519578
1823, 0.361327, 0.00535173
1824, 0.353454, 0.005361
1825, 0.353041, 0.00536666
1826, 0.353395, 0.00527516
1827, 0.351888, 0.00533545
1828, 0.356346, 0.00527201
1829, 0.357299, 0.00523551
1830, 0.356393, 0.00528052
1831, 0.358383, 0.00527448
1832, 0.337609, 0.00541464
1833, 0.350846, 0.00526795
1834, 0.359924, 0.0052877
1835, 0.35139, 0.00534627
1836, 0.35915, 0.00522979
1837, 0.349211, 0.00527365
1838, 0.358107, 0.00527703
1839, 0.359326, 0.00521506
1840, 0.351848, 0.00532702
1841, 0.354536, 0.0053211
1842, 0.3519, 0.00518446
1843, 0.350244, 0.00529599
1844, 0.352928, 0.00525986
1845, 0.351816, 0.00534491
1846, 0.363651, 0.00513544
1847, 0.359069, 0.0052399
1848, 0.352814, 0.00527994
1849, 0.3543, 0.00519167
1850, 0.347568, 0.00526227
1851, 0.352404, 0.00531635
1852, 0.3554, 0.00528651
1853, 0.349703, 0.00525592
1854, 0.364887, 0.00524232
1855, 0.351321, 0.00526081
1856, 0.347252, 0.00520615
1857, 0.35595, 0.00519416
1858, 0.363832, 0.00524501
1859, 0.350242, 0.00526306
1860, 0.356559, 0.0052471
1861, 0.358195, 0.00528535
1862, 0.36101, 0.00525903
1863, 0.356146, 0.00523527
1864, 0.361105, 0.0052331
1865, 0.347453, 0.0053665
1866, 0.353751, 0.00524692
1867, 0.362346, 0.00515762
1868, 0.351981, 0.00521455
1869, 0.359337, 0.00526332
1870, 0.362139, 0.00519899
1871, 0.359861, 0.0052186
1872, 0.350427, 0.00523558
1873, 0.348639, 0.00523386
1874, 0.359338, 0.00508148
1875, 0.3544, 0.00527842
1876, 0.35693, 0.005238
1877, 0.353916, 0.00519613
1878, 0.361821, 0.00529364
1879, 0.362374, 0.0051667
1880, 0.365319, 0.00519043
1881, 0.360659, 0.00509282
1882, 0.370829, 0.00516171
1883, 0.353213, 0.00533367
1884, 0.36051, 0.00510388
1885, 0.365146, 0.00511159
1886, 0.355938, 0.00534049
1887, 0.351245, 0.00518787
1888, 0.355138, 0.00523562
1889, 0.357067, 0.00516379
1890, 0.363122, 0.00514343
1891, 0.365045, 0.00514886
1892, 0.34926, 0.00529568
1893, 0.356894, 0.00519855
1894, 0.355702, 0.0052622
1895, 0.354881, 0.00518582
1896, 0.36039, 0.00515895
1897, 0.362045, 0.00516678
1898, 0.352318, 0.00518304
1899, 0.354239, 0.00525046
1900, 0.363684, 0.00517757
1901, 0.355392, 0.00511848
1902, 0.358675, 0.00519287
1903, 0.35176, 0.00519704
1904, 0.354569, 0.00530645
1905, 0.364987, 0.005141
1906, 0.3532, 0.00520248
1907, 0.354064, 0.00520478
1908, 0.346122, 0.00523116
1909, 0.355212, 0.00517671
1910, 0.352618, 0.00515599
1911, 0.355835, 0.00513441
1912, 0.365115, 0.00508273
1913, 0.36116, 0.00521127
1914, 0.351306, 0.00521896
1915, 0.354987, 0.0052235
1916, 0.351514, 0.00532885
1917, 0.349087, 0.00509004
1918, 0.355527, 0.00523708
1919, 0.351694, 0.00513842
1920, 0.359167, 0.00519996
1921, 0.359188, 0.00521187
1922, 0.357336, 0.00512696
1923, 0.355122, 0.00516622
1924, 0.358212, 0.00519283
1925, 0.355065, 0.00521355
1926, 0.353219, 0.00527389
1927, 0.348106, 0.00519902
1928, 0.347873, 0.00522216
1929, 0.35127, 0.00514395
1930, 0.359637, 0.00513518
1931, 0.362299, 0.00511759
1932, 0.350259, 0.00520205
1933, 0.355768, 0.00524952
1934, 0.352792, 0.0052108
1935, 0.356382, 0.0051311
1936, 0.346281, 0.00519601
1937, 0.348942, 0.00521196
1938, 0.353818, 0.00511635
1939, 0.358535, 0.00503692
1940, 0.356753, 0.00507206
1941, 0.362184, 0.00521762
1942, 0.355973, 0.00518489
1943, 0.360165, 0.00512235
1944, 0.351132, 0.00524483
1945, 0.35928, 0.00509529
1946, 0.35668, 0.00512068
1947, 0.353518, 0.00518679
1948, 0.355236, 0.00520324
1949, 0.348589, 0.00516022
1950, 0.35241, 0.00509176
1951, 0.355254, 0.00513847
1952, 0.356916, 0.005168
1953, 0.358321, 0.00508197
1954, 0.351075, 0.00521059
1955, 0.36624, 0.00505985
1956, 0.351074, 0.00511012
1957, 0.356055, 0.0050709
1958, 0.359602, 0.00509382
1959, 0.354977, 0.00515668
1960, 0.359694, 0.00497588
1961, 0.35487, 0.00501967
1962, 0.36213, 0.00507017
1963, 0.353948, 0.00511044
1964, 0.363238, 0.00507548
1965, 0.358728, 0.00509473
1966, 0.350814, 0.00512785
1967, 0.359786, 0.00508564
1968, 0.358841, 0.00512295
1969, 0.351498, 0.0050685
1970, 0.370711, 0.00501589
1971, 0.354135, 0.00512339
1972, 0.359584, 0.00501103
1973, 0.365484, 0.00503995
1974, 0.357345, 0.00510895
1975, 0.354785, 0.00508482
1976, 0.357186, 0.00508994
1977, 0.350177, 0.0050405
1978, 0.360819, 0.00509473
1979, 0.352855, 0.00508658
1980, 0.356515, 0.00512436
1981, 0.356588, 0.00513719
1982, 0.361201, 0.00496419
1983, 0.365961, 0.00508135
1984, 0.35998, 0.00503383
1985, 0.352191, 0.00508374
1986, 0.353273, 0.00514492
1987, 0.35078, 0.00516647
1988, 0.357093, 0.00504801
1989, 0.358371, 0.00508944
1990, 0.356583, 0.0050589
1991, 0.360824, 0.00503575
1992, 0.356777, 0.00510196
1993, 0.351882, 0.00511583
1994, 0.354112, 0.00509691
1995, 0.360852, 0.00508154
1996, 0.359619, 0.00504112
1997, 0.364397, 0.00510272
1998, 0.352553, 0.00511887
1999, 0.36078, 0.00505637
2000, 0.3474, 0.0051693
2001, 0.361369, 0.00505276
2002, 0.357992, 0.00508503
2003, 0.359011, 0.00496008
2004, 0.360778, 0.00506671
2005, 0.35611, 0.00503611
2006, 0.354187, 0.0050104
2007, 0.358445, 0.00505808
2008, 0.365687, 0.0050011
2009, 0.353459, 0.00511794
2010, 0.355274, 0.00503273
2011, 0.351914, 0.00515
2012, 0.361928, 0.00507454
2013, 0.349925, 0.00506834
2014, 0.350645, 0.00500023
2015, 0.348983, 0.00507019
2016, 0.360417, 0.00499347
2017, 0.358205, 0.00504453
2018, 0.362091, 0.00495416
2019, 0.359237, 0.00499082
2020, 0.363515, 0.00499782
2021, 0.3524, 0.00501832
2022, 0.358952, 0.00501175
2023, 0.358824, 0.0049845
2024, 0.362747, 0.00504125
2025, 0.35837, 0.00501279
2026, 0.3654, 0.00497772
2027, 0.347509, 0.00505174
2028, 0.356509, 0.00506869
2029, 0.361804, 0.00498318
2030, 0.350887, 0.00504904
2031, 0.3516, 0.0051266
2032, 0.358317, 0.00500276
2033, 0.357796, 0.00505514
2034, 0.35885, 0.00495525
2035, 0.355725, 0.00509023
2036, 0.350049, 0.00504461
2037, 0.354786, 0.00504872
2038, 0.358194, 0.00500727
2039, 0.353458, 0.0049917
2040, 0.350392, 0.00504973
2041, 0.365654, 0.00488096
2042, 0.358766, 0.00496399
2043, 0.358052, 0.00502316
2044, 0.35954, 0.00495952
2045, 0.363325, 0.00499997
2046, 0.353372, 0.00505509
2047, 0.346654, 0.00498899
2048, 0.355664, 0.00500326
2049, 0.368277, 0.00487989
2050, 0.356878, 0.0050305
2051, 0.358313, 0.00500667
2052, 0.354337, 0.00504313
2053, 0.350463, 0.00496098
2054, 0.359007, 0.00496803
2055, 0.352457, 0.0050422
2056, 0.362451, 0.00488423
2057, 0.364463, 0.00489759
2058, 0.355491, 0.00503339
2059, 0.35527, 0.00498022
2060, 0.355485, 0.00508454
2061, 0.355216, 0.00492178
2062, 0.353104, 0.00500045
2063, 0.35303, 0.00501594
2064, 0.360707, 0.00490475
2065, 0.35201, 0.00503152
2066, 0.359632, 0.00488971
2067, 0.356797, 0.00499015
2068, 0.362186, 0.00495838
2069, 0.356887, 0.00499007
2070, 0.359807, 0.00496519
2071, 0.348334, 0.00502757
2072, 0.360425, 0.00487081
2073, 0.355475, 0.00494306
2074, 0.355834, 0.00499436
2075, 0.356096, 0.00496106
2076, 0.355202, 0.00500578
2077, 0.354454, 0.00503058
2078, 0.355534, 0.00494409
2079, 0.357287, 0.00500118
2080, 0.355962, 0.00498764
2081, 0.368188, 0.00492626
2082, 0.365418, 0.00492099
2083, 0.363754, 0.00486215
2084, 0.35667, 0.00501106
2085, 0.357602, 0.00505107
2086, 0.360978, 0.00497416
2087, 0.352036, 0.00500962
2088, 0.356992, 0.00491357
2089, 0.365294, 0.00493068
2090, 0.359809, 0.00492995
2091, 0.357484, 0.00501196
2092, 0.350813, 0.00502045
2093, 0.357955, 0.0048565
2094, 0.356447, 0.00487546
2095, 0.360668, 0.00494763
2096, 0.360687, 0.00479528
2097, 0.352217, 0.00493953
2098, 0.355672, 0.00492255
2099, 0.353788, 0.00495789
2100, 0.35981, 0.00493743
2101, 0.353498, 0.00488012
2102, 0.355994, 0.00486602
2103, 0.352972, 0.00498128
2104, 0.357319, 0.00486018
2105, 0.356675, 0.00493213
2106, 0.358215, 0.00498016
2107, 0.353061, 0.0048815
2108, 0.350664, 0.00490176
2109, 0.354007, 0.00505193
2110, 0.355308, 0.00497959
2111, 0.361724, 0.00486579
2112, 0.359706, 0.00489642
2113, 0.358306, 0.00491956
2114, 0.35369, 0.00492722
2115, 0.361135, 0.004931
2116, 0.362524, 0.00490397
2117, 0.358951, 0.00481959
2118, 0.359821, 0.00494492
2119, 0.358754, 0.00485356
2120, 0.35967, 0.004845
2121, 0.350212, 0.00495347
2122, 0.358058, 0.00497897
2123, 0.359256, 0.00495515
2124, 0.35339, 0.00491643
2125, 0.355576, 0.00494199
2126, 0.359737, 0.00492772
2127, 0.350682, 0.00492861
2128, 0.362312, 0.00480743
2129, 0.361625, 0.00486444
2130, 0.353615, 0.004919
2131, 0.353308, 0.00502844
2132, 0.361351, 0.00482306
2133, 0.364557, 0.00483276
2134, 0.358435, 0.00484961
2135, 0.349227, 0.0049493
2136, 0.351966, 0.00497604
2137, 0.351895, 0.00490908
2138, 0.347942, 0.00492417
2139, 0.354044, 0.00487
2140, 0.352523, 0.00488259
2141, 0.362027, 0.00491475
2142, 0.363072, 0.00485637
2143, 0.359029, 0.00493052
2144, 0.358116, 0.0048878
2145, 0.369091, 0.00483458
2146, 0.356664, 0.00495544
2147, 0.353889, 0.0048604
2148, 0.360102, 0.00484598
2149, 0.355747, 0.00487382
2150, 0.348, 0.00487167
2151, 0.351093, 0.00493834
2152, 0.356599, 0.00489809
2153, 0.35713, 0.00487831
2154, 0.35701, 0.00485048
2155, 0.358515, 0.00489974
2156, 0.356401, 0.00492136
2157, 0.357719, 0.00485934
2158, 0.355514, 0.00495005
2159, 0.356832, 0.00483564
2160, 0.351204, 0.00498147
2161, 0.354095, 0.00490746
2162, 0.351064, 0.00484101
2163, 0.355201, 0.0049282
2164, 0.366682, 0.00475606
2165, 0.35224, 0.00495028
2166, 0.355586, 0.00488787
2167, 0.350392, 0.00487143
2168, 0.352076, 0.00485372
2169, 0.355509, 0.00481644
2170, 0.35765, 0.00485772
2171, 0.353155, 0.00490651
2172, 0.35465, 0.00484942
2173, 0.350299, 0.00485482
2174, 0.357222, 0.0048923
2175, 0.351816, 0.00490362
2176, 0.359007, 0.00481076
2177, 0.353514, 0.0048224
2178, 0.343618, 0.00498066
2179, 0.35833, 0.00480003
2180, 0.35344, 0.00482337
2181, 0.353187, 0.00483392
2182, 0.354216, 0.00481092
2183, 0.348511, 0.00483041
2184, 0.357692, 0.00486622
2185, 0.354737, 0.00485328
2186, 0.364181, 0.00485347
2187, 0.35807, 0.00486931
2188, 0.357176, 0.0048832
2189, 0.351896, 0.0047905
2190, 0.3521, 0.00484718
2191, 0.353811, 0.00483637
2192, 0.355338, 0.00487984
2193, 0.348016, 0.00491998
2194, 0.35082, 0.00488744
2195, 0.352392, 0.00484235
2196, 0.352687, 0.00481522
2197, 0.353664, 0.00487055
2198, 0.360692, 0.00482436
2199, 0.345202, 0.00489164
2200, 0.352227, 0.00483379
2201, 0.355475, 0.00484924
2202, 0.354496, 0.00485435
2203, 0.357467, 0.00473749
2204, 0.356897, 0.00483729
2205, 0.3522, 0.00474659
2206, 0.35408, 0.00483913
2207, 0.355143, 0.00474872
2208, 0.358877, 0.00480299
2209, 0.357583, 0.00479375
2210, 0.355611, 0.00473009
2211, 0.361827, 0.00479886
2212, 0.346383, 0.00483368
2213, 0.356394, 0.00487234
2214, 0.356504, 0.00482932
2215, 0.351332, 0.00485183
2216, 0.35537, 0.0048316
2217, 0.350113, 0.00484554
2218, 0.35541, 0.00477993
2219, 0.353222, 0.00480077
2220, 0.362207, 0.00474748
2221, 0.367672, 0.00480393
2222, 0.359496, 0.00474482
2223, 0.35623, 0.00470061
2224, 0.353192, 0.00482473
2225, 0.358742, 0.00482121
2226, 0.357457, 0.00483553
2227, 0.356938, 0.00477795
2228, 0.355431, 0.00478474
2229, 0.352355, 0.00481146
2230, 0.345874, 0.00485998
2231, 0.35074, 0.00483457
2232, 0.362276, 0.00473776
2233, 0.356158, 0.00479109
2234, 0.353939, 0.00481965
2235, 0.350336, 0.00484271
2236, 0.350134, 0.00479493
2237, 0.35418, 0.00477071
2238, 0.350536, 0.00485532
2239, 0.361635, 0.0047413
2240, 0.35808, 0.00477436
2241, 0.358456, 0.00476029
2242, 0.354996, 0.00485721
2243, 0.368123, 0.00470116
2244, 0.365508, 0.00475284
2245, 0.365078, 0.0047086
2246, 0.354096, 0.00479983
2247, 0.357232, 0.00482327
2248, 0.359431, 0.00471824
2249, 0.350867, 0.00474458
2250, 0.354356, 0.00472205
2251, 0.359218, 0.00482404
2252, 0.367984, 0.00469816
2253, 0.348069, 0.00480724
2254, 0.354614, 0.00470122
2255, 0.354058, 0.00477868
2256, 0.362101, 0.00479235
2257, 0.359327, 0.00477579
2258, 0.355536, 0.00471101
2259, 0.355644, 0.0048439
2260, 0.357743, 0.00480602
2261, 0.360504, 0.00474095
2262, 0.360743, 0.00470763
2263, 0.358462, 0.00474278
2264, 0.357288, 0.0047531
2265, 0.353598, 0.00479701
2266, 0.363725, 0.00472256
2267, 0.355271, 0.00472802
2268, 0.35485, 0.00475612
2269, 0.356236, 0.00474272
2270, 0.352026, 0.00480248
2271, 0.357904, 0.00470593
2272, 0.360123, 0.00471849
2273, 0.367136, 0.00475296
2274, 0.350836, 0.00478147
2275, 0.353978, 0.00483659
2276, 0.350747, 0.00484199
2277, 0.36166, 0.00474233
2278, 0.356497, 0.00480116
2279, 0.36086, 0.00468229
2280, 0.339649, 0.00475702
2281, 0.356072, 0.00468413
2282, 0.35482, 0.0047183
2283, 0.348839, 0.0047578
2284, 0.351138, 0.00476061
2285, 0.354923, 0.00476556
2286, 0.351662, 0.00465604
2287, 0.358636, 0.00468754
2288, 0.356949, 0.0047229
2289, 0.358497, 0.00475363
2290, 0.352271, 0.00471925
2291, 0.349847, 0.0047932
2292, 0.35096, 0.00470816
2293, 0.353554, 0.00469145
2294, 0.355536, 0.00477615
2295, 0.359346, 0.00472153
2296, 0.367117, 0.00464269
2297, 0.347061, 0.00476749
2298, 0.35953, 0.00471334
2299, 0.354937, 0.00476749
2300, 0.360478, 0.00473649
2301, 0.347153, 0.00476894
2302, 0.360773, 0.00468569
2303, 0.356752, 0.00471505
2304, 0.366233, 0.00460587
2305, 0.353189, 0.00482283
2306, 0.353252, 0.00470348
2307, 0.355353, 0.00473411
2308, 0.348873, 0.00481632
2309, 0.35288, 0.00477642
2310, 0.358571, 0.00472408
2311, 0.347598, 0.00474614
2312, 0.358002, 0.00472884
2313, 0.358366, 0.00477379
2314, 0.356482, 0.00471438
2315, 0.357624, 0.0046934
2316, 0.360579, 0.00472104
2317, 0.346785, 0.00473708
2318, 0.352804, 0.00470048
2319, 0.356145, 0.0047161
2320, 0.361724, 0.00466277
2321, 0.360793, 0.00473173
2322, 0.351766, 0.00476575
2323, 0.35579, 0.00472722
2324, 0.360413, 0.00470768
2325, 0.357935, 0.00470778
2326, 0.358555, 0.00466708
2327, 0.358101, 0.00473931
2328, 0.348454, 0.00471951
2329, 0.358995, 0.00468453
2330, 0.356609, 0.00461774
2331, 0.355384, 0.00477483
2332, 0.349528, 0.00481974
2333, 0.354694, 0.00469624
2334, 0.359554, 0.00467308
2335, 0.353961, 0.0047385
2336, 0.355736, 0.00470157
2337, 0.35276, 0.00468319
2338, 0.343071, 0.00475579
2339, 0.3587, 0.00462152
2340, 0.351239, 0.00471456
2341, 0.356514, 0.00459465
2342, 0.362724, 0.00474926
2343, 0.350832, 0.00469398
2344, 0.35802, 0.00468175
2345, 0.356546, 0.00459847
2346, 0.364749, 0.00470189
2347, 0.352152, 0.00472957
2348, 0.357496, 0.00470952
2349, 0.358621, 0.0046134
2350, 0.355064, 0.00461177
2351, 0.349256, 0.00471
2352, 0.349362, 0.00476682
2353, 0.360773, 0.00460068
2354, 0.359643, 0.00460141
2355, 0.354055, 0.00476093
2356, 0.355475, 0.0045907
2357, 0.357276, 0.00461747
2358, 0.354411, 0.00472452
2359, 0.34557, 0.00478831
2360, 0.351483, 0.00462029
2361, 0.357603, 0.00469521
2362, 0.359018, 0.00460818
2363, 0.353915, 0.00469287
2364, 0.35423, 0.00467629
2365, 0.355137, 0.00466479
2366, 0.356974, 0.00472542
2367, 0.352134, 0.00468904
2368, 0.35663, 0.00465248
2369, 0.355171, 0.00468151
2370, 0.362658, 0.00457772
2371, 0.357065, 0.0045879
2372, 0.356029, 0.00464785
2373, 0.355204, 0.00465323
2374, 0.362342, 0.00461537
2375, 0.359284, 0.00462991
2376, 0.352483, 0.00461747
2377, 0.356163, 0.00455467
2378, 0.355593, 0.00462058
2379, 0.350063, 0.00477286
2380, 0.348739, 0.00473852
2381, 0.362369, 0.00462464
2382, 0.356045, 0.00470021
2383, 0.352875, 0.00467135
2384, 0.354866, 0.00465592
2385, 0.352285, 0.00466126
2386, 0.356077, 0.00466659
2387, 0.348932, 0.0046516
2388, 0.355653, 0.00468027
2389, 0.364002, 0.00453975
2390, 0.36113, 0.00460781
2391, 0.354287, 0.00467626
2392, 0.355435, 0.00465099
2393, 0.35842, 0.00457757
2394, 0.354302, 0.00467763
2395, 0.353946, 0.0045874
2396, 0.366235, 0.00456317
2397, 0.358073, 0.00463316
2398, 0.362219, 0.00463349
2399, 0.35544, 0.00465532
2400, 0.355083, 0.0045742
2401, 0.354436, 0.00467837
2402, 0.356703, 0.00456088
2403, 0.35618, 0.00460431
2404, 0.352163, 0.00457531
2405, 0.357297, 0.00463658
2406, 0.354406, 0.00457584
2407, 0.35725, 0.00463434
2408, 0.352492, 0.00466643
2409, 0.355334, 0.00459881
2410, 0.364647, 0.004552
2411, 0.361759, 0.00455061
2412, 0.354146, 0.00462506
2413, 0.356113, 0.00456621
2414, 0.361392, 0.00461553
2415, 0.35913, 0.00464906
2416, 0.356126, 0.00462076
2417, 0.355234, 0.00461415
2418, 0.357155, 0.00462123
2419, 0.368086, 0.00449738
2420, 0.356033, 0.00463698
2421, 0.357373, 0.00463247
2422, 0.361354, 0.00461658
2423, 0.357862, 0.0045557
2424, 0.357384, 0.00464155
2425, 0.356412, 0.00454849
2426, 0.357337, 0.00463565
2427, 0.361681, 0.00457886
2428, 0.350082, 0.00455717
2429, 0.356608, 0.00461915
2430, 0.36428, 0.00459137
2431, 0.357672, 0.00460448
2432, 0.354441, 0.00454451
2433, 0.354583, 0.00463321
2434, 0.35756, 0.00462537
2435, 0.35729, 0.00456643
2436, 0.362028, 0.0045542
2437, 0.351252, 0.00458203
2438, 0.365012, 0.0046236
2439, 0.358385, 0.00451537
2440, 0.350779, 0.00455118
2441, 0.354568, 0.00459471
2442, 0.354955, 0.00453761
2443, 0.354605, 0.00456357
2444, 0.363462, 0.00456228
2445, 0.355746, 0.00455793
2446, 0.354334, 0.00461832
2447, 0.348304, 0.00460269
2448, 0.358987, 0.00457448
2449, 0.351572, 0.00457287
2450, 0.358408, 0.00456471
2451, 0.356385, 0.00462258
2452, 0.35522, 0.0045986
2453, 0.349042, 0.00461454
2454, 0.345395, 0.00466266
2455, 0.346762, 0.00465379
2456, 0.362663, 0.00449114
2457, 0.35987, 0.00451354
2458, 0.357608, 0.00450215
2459, 0.359577, 0.00461784
2460, 0.354512, 0.00456987
2461, 0.360829, 0.00452231
2462, 0.354996, 0.00448879
2463, 0.361429, 0.00448591
2464, 0.354302, 0.00456632
2465, 0.358824, 0.00454344
2466, 0.352149, 0.00455683
2467, 0.349088, 0.00461932
2468, 0.360413, 0.00454861
2469, 0.364156, 0.00452136
2470, 0.350567, 0.00455199
2471, 0.36123, 0.00448364
2472, 0.356553, 0.00456195
2473, 0.361787, 0.00449519
2474, 0.354648, 0.00454602
2475, 0.356, 0.00449881
2476, 0.349677, 0.00459835
2477, 0.354138, 0.0045541
2478, 0.357708, 0.00459318
2479, 0.352279, 0.00457956
2480, 0.357016, 0.0045258
2481, 0.362838, 0.00446316
2482, 0.357413, 0.00458438
2483, 0.353605, 0.00456421
2484, 0.358414, 0.00456022
2485, 0.35839, 0.00449729
2486, 0.358648, 0.00447729
2487, 0.353357, 0.00455357
2488, 0.360531, 0.00448946
2489, 0.362515, 0.00452471
2490, 0.349036, 0.00456001
2491, 0.351786, 0.00457964
2492, 0.356661, 0.00455134
2493, 0.361653, 0.00449748
2494, 0.352205, 0.00451261
2495, 0.360481, 0.00453284
2496, 0.35609, 0.00452791
2497, 0.355026, 0.0045844
2498, 0.352042, 0.00455512
2499, 0.359544, 0.00453436
2500, 0.3558, 0.00450219
2501, 0.3491, 0.00451395
2502, 0.361471, 0.00448543
2503, 0.352737, 0.00453484
2504, 0.356709, 0.00454443
2505, 0.357365, 0.00453558
2506, 0.352354, 0.00457928
2507, 0.351655, 0.00456509
2508, 0.349601, 0.00451298
2509, 0.35548, 0.00448412
2510, 0.35753, 0.00452735
2511, 0.35906, 0.00453778
2512, 0.35414, 0.00456706
2513, 0.359849, 0.0045189
2514, 0.360103, 0.00449339
2515, 0.354791, 0.00447223
2516, 0.357075, 0.00449432
2517, 0.3588, 0.00454204
2518, 0.364654, 0.00446168
2519, 0.356689, 0.00455104
2520, 0.358849, 0.00449592
2521, 0.362475, 0.00443293
2522, 0.358446, 0.00451161
2523, 0.3522, 0.00458428
2524, 0.350436, 0.00454314
2525, 0.35996, 0.0044926
2526, 0.363064, 0.00448771
2527, 0.35647, 0.00450175
2528, 0.356685, 0.004511
2529, 0.358758, 0.0043944
2530, 0.352451, 0.0044849
2531, 0.367128, 0.00442945
2532, 0.359755, 0.00448726
2533, 0.356257, 0.00451327
2534, 0.35663, 0.00446134
2535, 0.353846, 0.00450741
2536, 0.356388, 0.00458358
2537, 0.349823, 0.00454305
2538, 0.358077, 0.00451137
2539, 0.360929, 0.00442425
2540, 0.347087, 0.0045354
2541, 0.363518, 0.00441698
2542, 0.358065, 0.00449379
2543, 0.353755, 0.00449911
2544, 0.349371, 0.00448835
2545, 0.351316, 0.00451573
2546, 0.353692, 0.00457223
2547, 0.356419, 0.0045184
2548, 0.360714, 0.00445439
2549, 0.351314, 0.00448314
2550, 0.353529, 0.00448301
2551, 0.364445, 0.00444375
2552, 0.365909, 0.00438861
2553, 0.360556, 0.00440302
2554, 0.352819, 0.00450741
2555, 0.357417, 0.00447019
2556, 0.357707, 0.00447206
2557, 0.359288, 0.00448284
2558, 0.35043, 0.00449714
2559, 0.348496, 0.00450178
2560, 0.352617, 0.00450867
2561, 0.353182, 0.00454522
2562, 0.355464, 0.00448967
2563, 0.360242, 0.00445165
2564, 0.358853, 0.00444394
2565, 0.347446, 0.00448455
2566, 0.352533, 0.00452298
2567, 0.353097, 0.00447558
2568, 0.353972, 0.00449795
2569, 0.354496, 0.00446901
2570, 0.356887, 0.00449485
2571, 0.354998, 0.00441498
2572, 0.361742, 0.00443397
2573, 0.359852, 0.00445006
2574, 0.349262, 0.00449207
2575, 0.357864, 0.00446582
2576, 0.359977, 0.00445877
2577, 0.351921, 0.00447002
2578, 0.362258, 0.00446129
2579, 0.347654, 0.00445881
2580, 0.366318, 0.00435772
2581, 0.355676, 0.00449788
2582, 0.364059, 0.00445719
2583, 0.356446, 0.00439425
2584, 0.354025, 0.0044858
2585, 0.35559, 0.00448278
2586, 0.352436, 0.00440512
2587, 0.349092, 0.00442636
2588, 0.357573, 0.00443975
2589, 0.356972, 0.00447027
2590, 0.354093, 0.00444924
2591, 0.36098, 0.00437549
2592, 0.359606, 0.00441033
2593, 0.354377, 0.0044728
2594, 0.35613, 0.00445167
2595, 0.356455, 0.00440588
2596, 0.356394, 0.00451144
2597, 0.355295, 0.00439609
2598, 0.353657, 0.00445734
2599, 0.361408, 0.00437243
2600, 0.360308, 0.00444433
2601, 0.352557, 0.00454267
2602, 0.351153, 0.0044783
2603, 0.351863, 0.00446993
2604, 0.350538, 0.00447894
2605, 0.361536, 0.00441819
2606, 0.34812, 0.00448891
2607, 0.352206, 0.00451757
2608, 0.352684, 0.00446108
2609, 0.353009, 0.00446459
2610, 0.351264, 0.00452368
2611, 0.348985, 0.00449795
2612, 0.35536, 0.00444195
2613, 0.362687, 0.00447928
2614, 0.360252, 0.00444786
2615, 0.358776, 0.0044091
2616, 0.348968, 0.0044654
2617, 0.350325, 0.00444936
2618, 0.366081, 0.00440259
2619, 0.351508, 0.00445218
2620, 0.357901, 0.00443909
2621, 0.353338, 0.00442354
2622, 0.355835, 0.00448169
2623, 0.351544, 0.00445143
2624, 0.359909, 0.00441222
2625, 0.350476, 0.00447229
2626, 0.35198, 0.00440906
2627, 0.364294, 0.00438788
2628, 0.361187, 0.00445711
2629, 0.359604, 0.00438585
2630, 0.351407, 0.00440851
2631, 0.359331, 0.0044055
2632, 0.356725, 0.00439386
2633, 0.361831, 0.0043993
2634, 0.357935, 0.00440688
2635, 0.353435, 0.0043608
2636, 0.363505, 0.00435539
2637, 0.369283, 0.0043594
2638, 0.364973, 0.00434737
2639, 0.356878, 0.00440658
2640, 0.356515, 0.00440939
2641, 0.366036, 0.00430196
2642, 0.351363, 0.00442345
2643, 0.347862, 0.00443431
2644, 0.360325, 0.00437698
2645, 0.355009, 0.00437496
2646, 0.352041, 0.00448103
2647, 0.358746, 0.0044121
2648, 0.356647, 0.00443828
2649, 0.358626, 0.00446578
2650, 0.351623, 0.0044464
2651, 0.353678, 0.00442698
2652, 0.356448, 0.00435287
2653, 0.354467, 0.00434502
2654, 0.350414, 0.00440787
2655, 0.354275, 0.00441545
2656, 0.353163, 0.00448206
2657, 0.351298, 0.00434531
2658, 0.353574, 0.00439764
2659, 0.357992, 0.00436639
2660, 0.360789, 0.00436803
2661, 0.357197, 0.00438727
2662, 0.351766, 0.00444209
2663, 0.357642, 0.00440367
2664, 0.355068, 0.00438421
2665, 0.355422, 0.00435214
2666, 0.361703, 0.00433716
2667, 0.357968, 0.00439349
2668, 0.357796, 0.00433306
2669, 0.350056, 0.00443275
2670, 0.353221, 0.00435243
2671, 0.348147, 0.00437747
2672, 0.356774, 0.00437022
2673, 0.354508, 0.00440512
2674, 0.350524, 0.00441737
2675, 0.356636, 0.00434465
2676, 0.354596, 0.00441453
2677, 0.352671, 0.0043856
2678, 0.354556, 0.00442679
2679, 0.361515, 0.00439104
2680, 0.352649, 0.0044169
2681, 0.351996, 0.00433817
2682, 0.359732, 0.00436912
2683, 0.358256, 0.00434187
2684, 0.360842, 0.00438717
2685, 0.359851, 0.00439119
2686, 0.355808, 0.00440204
2687, 0.355787, 0.00438722
2688, 0.347619, 0.00439437
2689, 0.360171, 0.00439808
2690, 0.354052, 0.00442771
2691, 0.363099, 0.00428602
2692, 0.361664, 0.00432574
2693, 0.358559, 0.00435925
2694, 0.346325, 0.00444968
2695, 0.363154, 0.00434361
2696, 0.353932, 0.00441221
2697, 0.360104, 0.00427426
2698, 0.357005, 0.00437161
2699, 0.362245, 0.00432119
2700, 0.355444, 0.00438869
2701, 0.358867, 0.00438097
2702, 0.359734, 0.00436273
2703, 0.359452, 0.00428508
2704, 0.361871, 0.00433527
2705, 0.361368, 0.00435936
2706, 0.359165, 0.00436972
2707, 0.351829, 0.00439552
2708, 0.356499, 0.00434234
2709, 0.360871, 0.00426596
2710, 0.359004, 0.00430068
2711, 0.354445, 0.00437639
2712, 0.34882, 0.00438676
2713, 0.350608, 0.00432847
2714, 0.356411, 0.00434585
2715, 0.357127, 0.00436226
2716, 0.356959, 0.00437228
2717, 0.352521, 0.00431918
2718, 0.355519, 0.00438968
2719, 0.354689, 0.00435069
2720, 0.352978, 0.00441599
2721, 0.35634, 0.00438885
2722, 0.348861, 0.00435247
2723, 0.353213, 0.00434681
2724, 0.351652, 0.00437062
2725, 0.354679, 0.00435497
2726, 0.359611, 0.00436866
2727, 0.362743, 0.00432391
2728, 0.36162, 0.00429327
2729, 0.349249, 0.00436689
2730, 0.35989, 0.00437385
2731, 0.357781, 0.00432266
2732, 0.365117, 0.00433506
2733, 0.357556, 0.00431568
2734, 0.357535, 0.00435551
2735, 0.354369, 0.00435677
2736, 0.361367, 0.00426657
2737, 0.350639, 0.00443193
2738, 0.345581, 0.00435485
2739, 0.358525, 0.00434739
2740, 0.359635, 0.00432379
2741, 0.354615, 0.00433418
2742, 0.355252, 0.00440212
2743, 0.353919, 0.0042891
2744, 0.361224, 0.00427791
2745, 0.352459, 0.00435525
2746, 0.360306, 0.00430754
2747, 0.359119, 0.00442715
2748, 0.352875, 0.0043169
2749, 0.360167, 0.00429476
2750, 0.361309, 0.00429743
2751, 0.353653, 0.00429275
2752, 0.348547, 0.00434643
2753, 0.365964, 0.00425535
2754, 0.352033, 0.00432104
2755, 0.35735, 0.00430611
2756, 0.354282, 0.00434353
2757, 0.347914, 0.0043447
2758, 0.358593, 0.00428202
2759, 0.35734, 0.00430674
2760, 0.357862, 0.00430427
2761, 0.356791, 0.00431224
2762, 0.354164, 0.00431982
2763, 0.362541, 0.00429691
2764, 0.348698, 0.00441605
2765, 0.363906, 0.00427464
2766, 0.35893, 0.00424943
2767, 0.361438, 0.00429895
2768, 0.345195, 0.00432042
2769, 0.362911, 0.00427706
2770, 0.354693, 0.00431017
2771, 0.356442, 0.00428905
2772, 0.345996, 0.00436203
2773, 0.356437, 0.00430934
2774, 0.359661, 0.00434411
2775, 0.356108, 0.00429591
2776, 0.355115, 0.00435041
2777, 0.360065, 0.00433381
2778, 0.350864, 0.00433527
2779, 0.351853, 0.00434766
2780, 0.360827, 0.00431931
2781, 0.356167, 0.00429768
2782, 0.355032, 0.00433353
2783, 0.358354, 0.0042349
2784, 0.363326, 0.00422395
2785, 0.343806, 0.00430903
2786, 0.35524, 0.00431933
2787, 0.351023, 0.00430308
2788, 0.358214, 0.00429581
2789, 0.356472, 0.0042275
2790, 0.353118, 0.00429192
2791, 0.358868, 0.00427915
2792, 0.357128, 0.00427912
2793, 0.359327, 0.00422059
2794, 0.354402, 0.00429806
2795, 0.361145, 0.0042191
2796, 0.352432, 0.00432056
2797, 0.356847, 0.0042451
2798, 0.347534, 0.00434791
2799, 0.353769, 0.00434312
2800, 0.35075, 0.00429491
2801, 0.356623, 0.00427286
2802, 0.359529, 0.00432277
2803, 0.3599, 0.00426076
2804, 0.353816, 0.00427141
2805, 0.356292, 0.00432155
2806, 0.363471, 0.00422945
2807, 0.349875, 0.00434682
2808, 0.350178, 0.00430013
2809, 0.353507, 0.00430844
2810, 0.348648, 0.00431736
2811, 0.351832, 0.00431579
2812, 0.348364, 0.00431667
2813, 0.358123, 0.00423718
2814, 0.360981, 0.00428589
2815, 0.352966, 0.00426455
2816, 0.361115, 0.00427336
2817, 0.360241, 0.00425729
2818, 0.361781, 0.00418095
2819, 0.357822, 0.00422262
2820, 0.354858, 0.00425448
2821, 0.35016, 0.00432024
2822, 0.361942, 0.00425544
2823, 0.362983, 0.00427701
2824, 0.34869, 0.00423
2825, 0.355717, 0.00426824
2826, 0.358528, 0.00427918
2827, 0.359144, 0.00419275
2828, 0.35732, 0.00424915
2829, 0.359703, 0.00425657
2830, 0.352827, 0.00422542
2831, 0.358707, 0.00425968
2832, 0.345516, 0.00426812
2833, 0.35856, 0.00425099
2834, 0.354199, 0.00423746
2835, 0.34836, 0.00432268
2836, 0.359697, 0.00422254
2837, 0.351498, 0.00431483
2838, 0.36191, 0.00419313
2839, 0.355865, 0.00426744
2840, 0.354965, 0.0042457
2841, 0.35315, 0.00425243
2842, 0.358726, 0.0042845
2843, 0.357932, 0.00418511
2844, 0.356962, 0.00433577
2845, 0.364077, 0.00421102
2846, 0.354884, 0.00426922
2847, 0.358623, 0.00423432
2848, 0.359059, 0.00425173
2849, 0.359073, 0.00424272
2850, 0.353754, 0.00425828
2851, 0.359137, 0.00418456
2852, 0.350736, 0.00424203
2853, 0.349176, 0.00434786
2854, 0.352172, 0.00425486
2855, 0.356988, 0.00425678
2856, 0.357738, 0.00423407
2857, 0.355373, 0.00428939
2858, 0.356508, 0.00425786
2859, 0.356453, 0.00420002
2860, 0.362343, 0.0041741
2861, 0.354596, 0.00421688
2862, 0.350769, 0.00431135
2863, 0.354279, 0.00422193
2864, 0.351466, 0.00425768
2865, 0.354311, 0.00426899
2866, 0.354047, 0.00429323
2867, 0.352773, 0.00428418
2868, 0.354847, 0.00422807
2869, 0.366922, 0.004163
2870, 0.357491, 0.00423132
2871, 0.357367, 0.00425227
2872, 0.353482, 0.00422538
2873, 0.351723, 0.00424378
2874, 0.357933, 0.00418527
2875, 0.359583, 0.00425492
2876, 0.353686, 0.00420149
2877, 0.355057, 0.00427089
2878, 0.354239, 0.00422198
2879, 0.358388, 0.00416891
2880, 0.359653, 0.00416626
2881, 0.355154, 0.0042099
2882, 0.3517, 0.00427585
2883, 0.357787, 0.00416367
2884, 0.353086, 0.00423595
2885, 0.357435, 0.00417865
2886, 0.362924, 0.00421412
2887, 0.359751, 0.00422503
2888, 0.357583, 0.00416138
2889, 0.357702, 0.00420573
2890, 0.352595, 0.00428543
2891, 0.352854, 0.00416727
2892, 0.360512, 0.00419367
2893, 0.353681, 0.00418655
2894, 0.356151, 0.00419098
2895, 0.354508, 0.00419456
2896, 0.353004, 0.00422421
2897, 0.358026, 0.00413726
2898, 0.360248, 0.00423125
2899, 0.356192, 0.0042049
2900, 0.356276, 0.00425964
2901, 0.352017, 0.00419216
2902, 0.353515, 0.00420399
2903, 0.364519, 0.00418083
2904, 0.35396, 0.00425933
2905, 0.361652, 0.00417941
2906, 0.358052, 0.00416588
2907, 0.354558, 0.00420841
2908, 0.347902, 0.00425795
2909, 0.355724, 0.00414167
2910, 0.349485, 0.00422826
2911, 0.356201, 0.00420598
2912, 0.358929, 0.00417473
2913, 0.356471, 0.00418053
2914, 0.352711, 0.00421142
2915, 0.357324, 0.00419411
2916, 0.350069, 0.00418339
2917, 0.352451, 0.00425888
2918, 0.359527, 0.00412965
2919, 0.355533, 0.00414013
2920, 0.351815, 0.0042154
2921, 0.357925, 0.00420154
2922, 0.35024, 0.00424649
2923, 0.353472, 0.00417341
2924, 0.360568, 0.00417662
2925, 0.358427, 0.00422198
2926, 0.346685, 0.00421691
2927, 0.360437, 0.00417143
2928, 0.356318, 0.0041555
2929, 0.354763, 0.00415061
2930, 0.36157, 0.00416036
2931, 0.354179, 0.00419827
2932, 0.354673, 0.00420168
2933, 0.357791, 0.00422383
2934, 0.356442, 0.00416838
2935, 0.350085, 0.00422071
2936, 0.35797, 0.00416192
2937, 0.356793, 0.00416208
2938, 0.355242, 0.0041223
2939, 0.353692, 0.00413189
2940, 0.358367, 0.00421966
2941, 0.349949, 0.00419581
2942, 0.35792, 0.00420948
2943, 0.349134, 0.00422891
2944, 0.355265, 0.00414456
2945, 0.355993, 0.00419209
2946, 0.359097, 0.00413733
2947, 0.359654, 0.00413581
2948, 0.360176, 0.00413429
2949, 0.360461, 0.00417806
2950, 0.36339, 0.00412594
2951, 0.361369, 0.00410263
2952, 0.356606, 0.00417356
2953, 0.365527, 0.00412543
2954, 0.358158, 0.00412039
2955, 0.349475, 0.00413922
2956, 0.358525, 0.00414042
2957, 0.350659, 0.00417884
2958, 0.343239, 0.00421621
2959, 0.359649, 0.0041377
2960, 0.346622, 0.004192
2961, 0.356434, 0.00419566
2962, 0.360128, 0.00407657
2963, 0.361357, 0.00417385
2964, 0.360628, 0.00412897
2965, 0.35683, 0.00414544
2966, 0.354484, 0.0041531
2967, 0.353354, 0.00421643
2968, 0.358625, 0.00416619
2969, 0.360626, 0.00411915
2970, 0.350976, 0.00416451
2971, 0.352878, 0.00417725
2972, 0.356258, 0.00414879
2973, 0.356677, 0.00413628
2974, 0.355414, 0.00414264
2975, 0.360437, 0.00413887
2976, 0.360316, 0.00412039
2977, 0.357272, 0.00412478
2978, 0.343553, 0.00418711
2979, 0.358745, 0.0041181
2980, 0.353591, 0.00416015
2981, 0.358269, 0.00413429
2982, 0.352046, 0.00418151
2983, 0.358331, 0.00415595
2984, 0.361361, 0.00416056
2985, 0.356013, 0.00415997
2986, 0.355995, 0.00415835
2987, 0.348209, 0.00416773
2988, 0.356593, 0.00414372
2989, 0.354868, 0.00409042
2990, 0.355117, 0.00415035
2991, 0.357807, 0.00409224
2992, 0.348763, 0.00417654
2993, 0.351153, 0.00414621
2994, 0.358584, 0.00414921
2995, 0.350818, 0.00418583
2996, 0.359179, 0.004183
2997, 0.35966, 0.00416553
2998, 0.353669, 0.00419558
2999, 0.355285, 0.0041443
3000, 0.354033, 0.00413375
