-2,-0.995322,-0.995322,0
-1.96,-0.994426,-0.994426,1
-1.92,-0.993378,-0.993378,2
-1.88,-0.992156,-0.992156,3
-1.84,-0.990736,-0.990736,4
-1.8,-0.989091,-0.989091,5
-1.76,-0.98719,-0.98719,6
-1.72,-0.985003,-0.985003,7
-1.68,-0.982493,-0.982493,8
-1.64,-0.979622,-0.979622,9
-1.6,-0.976348,-0.976348,10
-1.56,-0.972628,-0.972628,11
-1.52,-0.968413,-0.968413,12
-1.48,-0.963654,-0.963654,13
-1.44,-0.958297,-0.958297,14
-1.4,-0.952285,-0.952285,15
-1.36,-0.945561,-0.945561,16
-1.32,-0.938065,-0.938065,17
-1.28,-0.929734,-0.929734,18
-1.24,-0.920505,-0.920505,19
-1.2,-0.910314,-0.910314,20
-1.16,-0.899096,-0.899096,21
-1.12,-0.886788,-0.886788,22
-1.08,-0.873326,-0.873326,23
-1.04,-0.85865,-0.85865,24
-1,-0.842701,-0.842701,25
-0.96,-0.825424,-0.825424,26
-0.92,-0.806768,-0.806768,27
-0.88,-0.786687,-0.786687,28
-0.84,-0.765143,-0.765143,29
-0.8,-0.742101,-0.742101,30
-0.76,-0.717537,-0.717537,31
-0.72,-0.691433,-0.691433,32
-0.68,-0.663782,-0.663782,33
-0.64,-0.634586,-0.634586,34
-0.6,-0.603856,-0.603856,35
-0.56,-0.571616,-0.571616,36
-0.52,-0.537899,-0.537899,37
-0.48,-0.50275,-0.50275,38
-0.44,-0.466225,-0.466225,39
-0.4,-0.428392,-0.428392,40
-0.36,-0.38933,-0.38933,41
-0.32,-0.349228,-0.349228,42
-0.28,-0.30788,-0.30788,43
-0.24,-0.2657,-0.2657,44
-0.2,-0.222703,-0.222703,45
-0.16,-0.179012,-0.179012,46
-0.12,-0.134758,-0.134758,47
-0.08,-0.0901902,-0.0901902,48
-0.04,-0.0452238,-0.0452238,49
0,0,0,50
0.04,0.0452238,0.0452238,51
0.08,0.0901902,0.0901902,52
0.12,0.13487,0.13487,53
0.16,0.179122,0.179122,54
0.2,0.222811,0.222811,55
0.24,0.265807,0.265807,56
0.28,0.307984,0.307984,57
0.32,0.349126,0.349126,58
0.36,0.38933,0.38933,59
0.4,0.428392,0.428392,60
0.44,0.466225,0.466225,61
0.48,0.50275,0.50275,62
0.52,0.537899,0.537899,63
0.56,0.571616,0.571616,64
0.6,0.603935,0.603935,65
0.64,0.634661,0.634661,66
0.68,0.663853,0.663853,67
0.72,0.6915,0.6915,68
0.76,0.7176,0.7176,69
0.8,0.74216,0.74216,70
0.84,0.765143,0.765143,71
0.88,0.786687,0.786687,72
0.92,0.806768,0.806768,73
0.96,0.825424,0.825424,74
1,0.842701,0.842701,75
1.04,0.85865,0.85865,76
1.08,0.873326,0.873326,77
1.12,0.886788,0.886788,78
1.16,0.899096,0.899096,79
1.2,0.910341,0.910341,80
1.24,0.920529,0.920529,81
1.28,0.929756,0.929756,82
1.32,0.938085,0.938085,83
1.36,0.945561,0.945561,84
1.4,0.952285,0.952285,85
1.44,0.958297,0.958297,86
1.48,0.963654,0.963654,87
1.52,0.968413,0.968413,88
1.56,0.972628,0.972628,89
1.6,0.976348,0.976348,90
1.64,0.979622,0.979622,91
1.68,0.982493,0.982493,92
1.72,0.985003,0.985003,93
1.76,0.98719,0.98719,94
1.8,0.989091,0.989091,95
1.84,0.990736,0.990736,96
1.88,0.992156,0.992156,97
1.92,0.993378,0.993378,98
1.96,0.994426,0.994426,99
2,0.995322,0.995322,100
