1e-06,1.1752,1.1752,0
2e-06,1.1752,1.1752,1
3e-06,1.1752,1.1752,2
4e-06,1.1752,1.1752,3
5e-06,1.17521,1.17521,4
6e-06,1.1752,1.1752,5
7e-06,1.17521,1.17521,6
8e-06,1.1752,1.1752,7
9e-06,1.17521,1.17521,8
1e-05,1.17522,1.17522,9
1.1e-05,1.17522,1.17522,10
1.2e-05,1.17521,1.17521,11
1.3e-05,1.17522,1.17522,12
1.4e-05,1.17521,1.17521,13
1.5e-05,1.17521,1.17521,14
1.6e-05,1.1752,1.1752,15
1.7e-05,1.17521,1.17521,16
1.8e-05,1.17521,1.17521,17
1.9e-05,1.17521,1.17521,18
2e-05,1.17523,1.17523,19
2.1e-05,1.17523,1.17523,20
2.2e-05,1.17522,1.17522,21
2.3e-05,1.17523,1.17523,22
2.4e-05,1.17521,1.17521,23
2.5e-05,1.1752,1.1752,24
2.6e-05,1.17522,1.17522,25
2.7e-05,1.17524,1.17524,26
2.8e-05,1.17523,1.17523,27
2.9e-05,1.17521,1.17521,28
3e-05,1.17523,1.17523,29
3.1e-05,1.17525,1.17525,30
3.2e-05,1.1752,1.1752,31
3.3e-05,1.17525,1.17525,32
3.4e-05,1.17521,1.17521,33
3.5e-05,1.17523,1.17523,34
3.6e-05,1.17521,1.17521,35
3.7e-05,1.17526,1.17526,36
3.8e-05,1.17521,1.17521,37
3.9e-05,1.17526,1.17526,38
4e-05,1.17526,1.17526,39
4.1e-05,1.17525,1.17525,40
4.2e-05,1.17523,1.17523,41
4.3e-05,1.17521,1.17521,42
4.4e-05,1.17525,1.17525,43
4.5e-05,1.17526,1.17526,44
4.6e-05,1.17526,1.17526,45
4.7e-05,1.17523,1.17523,46
4.8e-05,1.17525,1.17525,47
4.9e-05,1.17526,1.17526,48
5e-05,1.1752,1.1752,49
