7.06269e-08 
-1.41932e-07 
2.14588e-07 
-2.8927e-07 
3.6666e-07 
-4.47454e-07 
5.32366e-07 
-6.22136e-07 
7.17535e-07 
-8.19371e-07 
9.28493e-07 
-1.0458e-06 
1.17225e-06 
-1.30885e-06 
1.45669e-06 
-1.61693e-06 
1.79081e-06 
-1.97967e-06 
2.18493e-06 
-2.40813e-06 
2.65092e-06 
-2.9151e-06 
3.20256e-06 
-3.51539e-06 
3.85579e-06 
-4.22616e-06 
4.62907e-06 
-5.06729e-06 
5.5438e-06 
-6.06181e-06 
6.62477e-06 
-7.23637e-06 
7.90062e-06 
-8.62178e-06 
9.40445e-06 
-1.02536e-05 
1.11744e-05 
-1.21727e-05 
1.32544e-05 
-1.44262e-05 
1.56949e-05 
-1.70681e-05 
1.85538e-05 
-2.01605e-05 
2.18973e-05 
-2.37741e-05 
2.58012e-05 
-2.79898e-05 
3.03517e-05 
-3.28997e-05 
3.56472e-05 
-3.86085e-05 
4.17991e-05 
-4.52351e-05 
4.89339e-05 
-5.29139e-05 
5.71946e-05 
-6.17969e-05 
6.67428e-05 
-7.20557e-05 
7.77603e-05 
-8.38829e-05 
9.04515e-05 
-9.74953e-05 
0.000105046 
-0.000113135 
0.0001218 
-0.000131075 
0.000141 
-0.000151616 
0.000162966 
-0.000175095 
0.000188052 
-0.000201888 
0.000216654 
-0.000232408 
0.000249208 
-0.000267115 
0.000286194 
-0.000306513 
0.000328144 
-0.000351161 
0.000375643 
-0.00040167 
0.000429329 
-0.000458709 
0.000489904 
-0.000523012 
0.000558133 
-0.000595375 
0.000634847 
-0.000676667 
0.000720952 
-0.000767829 
0.000817427 
-0.000869881 
0.000925331 
-0.000983922 
0.0010458 
-0.00111113 
0.00118007 
-0.00125279 
0.00132945 
-0.00141025 
0.00149535 
-0.00158496 
0.00167926 
-0.00177846 
0.00188277 
-0.0019924 
0.00210758 
-0.00222852 
0.00235545 
-0.00248862 
0.00262827 
-0.00277465 
0.00292801 
-0.00308861 
0.00325671 
-0.00343259 
0.00361653 
-0.00380879 
0.00400967 
-0.00421947 
0.00443846 
-0.00466695 
0.00490524 
-0.00515364 
0.00541245 
-0.00568198 
0.00596256 
-0.00625448 
0.00655808 
-0.00687366 
0.00720155 
-0.00754206 
0.00789551 
-0.00826223 
0.00864252 
-0.00903669 
0.00944507 
-0.00986796 
0.0103057 
-0.0107585 
0.0112267 
-0.0117106 
0.0122105 
-0.0127266 
0.0132592 
-0.0138086 
0.014375 
-0.0149587 
0.0155599 
-0.0161787 
0.0168154 
-0.0174702 
0.0181432 
-0.0188346 
0.0195446 
-0.0202732 
0.0210205 
-0.0217867 
0.0225718 
-0.0233758 
0.0241988 
-0.0250407 
0.0259016 
-0.0267813 
0.0276799 
-0.0285972 
0.029533 
-0.0304873 
0.0314598 
-0.0324504 
0.0334587 
-0.0344846 
0.0355278 
-0.0365878 
0.0376645 
-0.0387573 
0.0398658 
-0.0409897 
0.0421284 
-0.0432814 
0.0444482 
-0.0456282 
0.0468208 
-0.0480253 
0.0492411 
-0.0504675 
0.0517038 
-0.0529492 
0.0542029 
-0.0554641 
0.0567319 
-0.0580055 
0.059284 
-0.0605664 
0.0618518 
-0.0631392 
0.0644277 
-0.0657162 
0.0670036 
-0.0682889 
0.069571 
-0.0708489 
0.0721214 
-0.0733873 
0.0746457 
-0.0758952 
0.0771348 
-0.0783633 
0.0795795 
-0.0807823 
0.0819704 
-0.0831428 
0.0842982 
-0.0854355 
0.0865535 
-0.087651 
0.088727 
-0.0897802 
0.0908097 
-0.0918141 
0.0927926 
-0.093744 
0.0946673 
-0.0955614 
0.0964254 
-0.0972583 
0.0980592 
-0.0988271 
0.0995612 
-0.100261 
0.100925 
-0.101552 
0.102143 
-0.102696 
0.103211 
-0.103687 
0.104123 
-0.10452 
0.104876 
-0.105191 
0.105465 
-0.105697 
0.105887 
-0.106036 
0.106142 
-0.106206 
0.106227 
-0.106206 
0.106142 
-0.106036 
0.105887 
-0.105697 
0.105465 
-0.105191 
0.104876 
-0.10452 
0.104123 
-0.103687 
0.103211 
-0.102696 
0.102143 
-0.101552 
0.100925 
-0.100261 
0.0995612 
-0.0988271 
0.0980592 
-0.0972583 
0.0964254 
-0.0955614 
0.0946673 
-0.093744 
0.0927926 
-0.0918141 
0.0908097 
-0.0897802 
0.088727 
-0.087651 
0.0865535 
-0.0854355 
0.0842982 
-0.0831428 
0.0819704 
-0.0807823 
0.0795795 
-0.0783633 
0.0771348 
-0.0758952 
0.0746457 
-0.0733873 
0.0721214 
-0.0708489 
0.069571 
-0.0682889 
0.0670036 
-0.0657162 
0.0644277 
-0.0631392 
0.0618518 
-0.0605664 
0.059284 
-0.0580055 
0.0567319 
-0.0554641 
0.0542029 
-0.0529492 
0.0517038 
-0.0504675 
0.0492411 
-0.0480253 
0.0468208 
-0.0456282 
0.0444482 
-0.0432814 
0.0421284 
-0.0409897 
0.0398658 
-0.0387573 
0.0376645 
-0.0365878 
0.0355278 
-0.0344846 
0.0334587 
-0.0324504 
0.0314598 
-0.0304873 
0.029533 
-0.0285972 
0.0276799 
-0.0267813 
0.0259016 
-0.0250407 
0.0241988 
-0.0233758 
0.0225718 
-0.0217867 
0.0210205 
-0.0202732 
0.0195446 
-0.0188346 
0.0181432 
-0.0174702 
0.0168154 
-0.0161787 
0.0155599 
-0.0149587 
0.014375 
-0.0138086 
0.0132592 
-0.0127266 
0.0122105 
-0.0117106 
0.0112267 
-0.0107585 
0.0103057 
-0.00986796 
0.00944507 
-0.00903669 
0.00864252 
-0.00826223 
0.00789551 
-0.00754206 
0.00720155 
-0.00687366 
0.00655808 
-0.00625448 
0.00596256 
-0.00568198 
0.00541245 
-0.00515364 
0.00490524 
-0.00466695 
0.00443846 
-0.00421947 
0.00400967 
-0.00380879 
0.00361653 
-0.00343259 
0.00325671 
-0.00308861 
0.00292801 
-0.00277465 
0.00262827 
-0.00248862 
0.00235545 
-0.00222852 
0.00210758 
-0.0019924 
0.00188277 
-0.00177846 
0.00167926 
-0.00158496 
0.00149535 
-0.00141025 
0.00132945 
-0.00125279 
0.00118007 
-0.00111113 
0.0010458 
-0.000983922 
0.000925331 
-0.000869881 
0.000817427 
-0.000767829 
0.000720952 
-0.000676667 
0.000634847 
-0.000595375 
0.000558133 
-0.000523012 
0.000489904 
-0.000458709 
0.000429329 
-0.00040167 
0.000375643 
-0.000351161 
0.000328144 
-0.000306513 
0.000286194 
-0.000267115 
0.000249208 
-0.000232408 
0.000216654 
-0.000201888 
0.000188052 
-0.000175095 
0.000162966 
-0.000151616 
0.000141 
-0.000131075 
0.0001218 
-0.000113135 
0.000105046 
-9.74953e-05 
9.04515e-05 
-8.38829e-05 
7.77603e-05 
-7.20557e-05 
6.67428e-05 
-6.17969e-05 
5.71946e-05 
-5.29139e-05 
4.89339e-05 
-4.52351e-05 
4.17991e-05 
-3.86085e-05 
3.56472e-05 
-3.28997e-05 
3.03517e-05 
-2.79898e-05 
2.58012e-05 
-2.37741e-05 
2.18973e-05 
-2.01605e-05 
1.85538e-05 
-1.70681e-05 
1.56949e-05 
-1.44262e-05 
1.32544e-05 
-1.21727e-05 
1.11744e-05 
-1.02536e-05 
9.40445e-06 
-8.62178e-06 
7.90062e-06 
-7.23637e-06 
6.62477e-06 
-6.06181e-06 
5.5438e-06 
-5.06729e-06 
4.62907e-06 
-4.22616e-06 
3.85579e-06 
-3.51539e-06 
3.20256e-06 
-2.9151e-06 
2.65092e-06 
-2.40813e-06 
2.18493e-06 
-1.97967e-06 
1.79081e-06 
-1.61693e-06 
1.45669e-06 
-1.30885e-06 
1.17225e-06 
-1.0458e-06 
9.28493e-07 
-8.19371e-07 
7.17535e-07 
-6.22136e-07 
5.32366e-07 
-4.47454e-07 
3.6666e-07 
-2.8927e-07 
2.14588e-07 
-1.41932e-07 
7.06269e-08 
-4.79798e-07 
9.63818e-07 
-1.45624e-06 
1.96125e-06 
-2.48305e-06 
3.02591e-06 
-3.5942e-06 
4.19242e-06 
-4.82521e-06 
5.49743e-06 
-6.21414e-06 
6.98066e-06 
-7.8026e-06 
8.6859e-06 
-9.63683e-06 
1.06621e-05 
-1.17687e-05 
1.29644e-05 
-1.42571e-05 
1.56555e-05 
-1.71687e-05 
1.88067e-05 
-2.05799e-05 
2.24996e-05 
-2.45777e-05 
2.68273e-05 
-2.92619e-05 
3.18964e-05 
-3.47464e-05 
3.78286e-05 
-4.11611e-05 
4.4763e-05 
-4.86546e-05 
5.28578e-05 
-5.73958e-05 
6.22934e-05 
-6.7577e-05 
7.32747e-05 
-7.94163e-05 
8.60338e-05 
-9.31608e-05 
0.000100833 
-0.00010909 
0.00011797 
-0.000127518 
0.000137779 
-0.0001488 
0.000160634 
-0.000173335 
0.000186959 
-0.000201567 
0.000217223 
-0.000233995 
0.000251954 
-0.000271175 
0.000291738 
-0.000313725 
0.000337225 
-0.000362331 
0.000389138 
-0.00041775 
0.000448274 
-0.000480822 
0.000515512 
-0.000552467 
0.000591818 
-0.0006337 
0.000678254 
-0.000725628 
0.000775977 
-0.000829462 
0.000886253 
-0.000946523 
0.00101046 
-0.00107824 
0.00115008 
-0.00122617 
0.00130673 
-0.00139197 
0.00148214 
-0.00157746 
0.00167819 
-0.00178457 
0.00189686 
-0.00201535 
0.0021403 
-0.00227201 
0.00241077 
-0.00255688 
0.00271066 
-0.00287243 
0.00304252 
-0.00322127 
0.00340902 
-0.00360612 
0.00381293 
-0.00402983 
0.00425718 
-0.00449537 
0.00474478 
-0.00500581 
0.00527886 
-0.00556432 
0.0058626 
-0.00617412 
0.00649929 
-0.00683852 
0.00719223 
-0.00756085 
0.00794479 
-0.00834446 
0.0087603 
-0.0091927 
0.00964208 
-0.0101088 
0.0105934 
-0.0110961 
0.0116174 
-0.0121577 
0.0127172 
-0.0132964 
0.0138956 
-0.0145151 
0.0151553 
-0.0158163 
0.0164986 
-0.0172023 
0.0179277 
-0.018675 
0.0194444 
-0.0202359 
0.0210498 
-0.0218862 
0.022745 
-0.0236264 
0.0245303 
-0.0254566 
0.0264054 
-0.0273764 
0.0283695 
-0.0293844 
0.0304211 
-0.031479 
0.0325579 
-0.0336574 
0.034777 
-0.0359162 
0.0370745 
-0.0382512 
0.0394457 
-0.0406572 
0.041885 
-0.0431283 
0.044386 
-0.0456573 
0.0469412 
-0.0482365 
0.0495421 
-0.0508568 
0.0521794 
-0.0535085 
0.0548428 
-0.0561807 
0.0575208 
-0.0588616 
0.0602014 
-0.0615385 
0.0628713 
-0.064198 
0.0655166 
-0.0668254 
0.0681225 
-0.0694059 
0.0706735 
-0.0719234 
0.0731534 
-0.0743615 
0.0755455 
-0.0767033 
0.0778326 
-0.0789314 
0.0799973 
-0.0810281 
0.0820217 
-0.0829758 
0.0838881 
-0.0847565 
0.0855787 
-0.0863525 
0.0870759 
-0.0877466 
0.0883626 
-0.0889217 
0.089422 
-0.0898615 
0.0902383 
-0.0905504 
0.0907962 
-0.0909738 
0.0910815 
-0.0911179 
0.0910814 
-0.0909707 
0.0907842 
-0.090521 
0.0901797 
-0.0897595 
0.0892594 
-0.0886785 
0.0880163 
-0.0872721 
0.0864456 
-0.0855364 
0.0845442 
-0.0834692 
0.0823113 
-0.0810708 
0.079748 
-0.0783433 
0.0768576 
-0.0752914 
0.0736457 
-0.0719215 
0.0701201 
-0.0682427 
0.0662908 
-0.0642659 
0.0621699 
-0.0600046 
0.0577718 
-0.0554739 
0.0531129 
-0.0506913 
0.0482114 
-0.045676 
0.0430876 
-0.040449 
0.0377632 
-0.0350331 
0.0322617 
-0.0294523 
0.026608 
-0.0237321 
0.020828 
-0.0178991 
0.0149487 
-0.0119805 
0.008998 
-0.00600467 
0.00300414 
7.01927e-14 
-0.00300414 
0.00600467 
-0.008998 
0.0119805 
-0.0149487 
0.0178991 
-0.020828 
0.0237321 
-0.026608 
0.0294523 
-0.0322617 
0.0350331 
-0.0377632 
0.040449 
-0.0430876 
0.045676 
-0.0482114 
0.0506913 
-0.0531129 
0.0554739 
-0.0577718 
0.0600046 
-0.0621699 
0.0642659 
-0.0662908 
0.0682427 
-0.0701201 
0.0719215 
-0.0736457 
0.0752914 
-0.0768576 
0.0783433 
-0.079748 
0.0810708 
-0.0823113 
0.0834692 
-0.0845442 
0.0855364 
-0.0864456 
0.0872721 
-0.0880163 
0.0886785 
-0.0892594 
0.0897595 
-0.0901797 
0.090521 
-0.0907842 
0.0909707 
-0.0910814 
0.0911179 
-0.0910815 
0.0909738 
-0.0907962 
0.0905504 
-0.0902383 
0.0898615 
-0.089422 
0.0889217 
-0.0883626 
0.0877466 
-0.0870759 
0.0863525 
-0.0855787 
0.0847565 
-0.0838881 
0.0829758 
-0.0820217 
0.0810281 
-0.0799973 
0.0789314 
-0.0778326 
0.0767033 
-0.0755455 
0.0743615 
-0.0731534 
0.0719234 
-0.0706735 
0.0694059 
-0.0681225 
0.0668254 
-0.0655166 
0.064198 
-0.0628713 
0.0615385 
-0.0602014 
0.0588616 
-0.0575208 
0.0561807 
-0.0548428 
0.0535085 
-0.0521794 
0.0508568 
-0.0495421 
0.0482365 
-0.0469412 
0.0456573 
-0.044386 
0.0431283 
-0.041885 
0.0406572 
-0.0394457 
0.0382512 
-0.0370745 
0.0359162 
-0.034777 
0.0336574 
-0.0325579 
0.031479 
-0.0304211 
0.0293844 
-0.0283695 
0.0273764 
-0.0264054 
0.0254566 
-0.0245303 
0.0236264 
-0.022745 
0.0218862 
-0.0210498 
0.0202359 
-0.0194444 
0.018675 
-0.0179277 
0.0172023 
-0.0164986 
0.0158163 
-0.0151553 
0.0145151 
-0.0138956 
0.0132964 
-0.0127172 
0.0121577 
-0.0116174 
0.0110961 
-0.0105934 
0.0101088 
-0.00964208 
0.0091927 
-0.0087603 
0.00834446 
-0.00794479 
0.00756085 
-0.00719223 
0.00683852 
-0.00649929 
0.00617412 
-0.0058626 
0.00556432 
-0.00527886 
0.00500581 
-0.00474478 
0.00449537 
-0.00425718 
0.00402983 
-0.00381293 
0.00360612 
-0.00340902 
0.00322127 
-0.00304252 
0.00287243 
-0.00271066 
0.00255688 
-0.00241077 
0.00227201 
-0.0021403 
0.00201535 
-0.00189686 
0.00178457 
-0.00167819 
0.00157746 
-0.00148214 
0.00139197 
-0.00130673 
0.00122617 
-0.00115008 
0.00107824 
-0.00101046 
0.000946523 
-0.000886253 
0.000829462 
-0.000775977 
0.000725628 
-0.000678254 
0.0006337 
-0.000591818 
0.000552467 
-0.000515512 
0.000480822 
-0.000448274 
0.00041775 
-0.000389138 
0.000362331 
-0.000337225 
0.000313725 
-0.000291738 
0.000271175 
-0.000251954 
0.000233995 
-0.000217223 
0.000201567 
-0.000186959 
0.000173335 
-0.000160634 
0.0001488 
-0.000137779 
0.000127518 
-0.00011797 
0.00010909 
-0.000100833 
9.31608e-05 
-8.60338e-05 
7.94163e-05 
-7.32747e-05 
6.7577e-05 
-6.22934e-05 
5.73958e-05 
-5.28578e-05 
4.86546e-05 
-4.4763e-05 
4.11611e-05 
-3.78286e-05 
3.47464e-05 
-3.18964e-05 
2.92619e-05 
-2.68273e-05 
2.45777e-05 
-2.24996e-05 
2.05799e-05 
-1.88067e-05 
1.71687e-05 
-1.56555e-05 
1.42571e-05 
-1.29644e-05 
1.17687e-05 
-1.06621e-05 
9.63683e-06 
-8.6859e-06 
7.8026e-06 
-6.98066e-06 
6.21414e-06 
-5.49743e-06 
4.82521e-06 
-4.19242e-06 
3.5942e-06 
-3.02591e-06 
2.48305e-06 
-1.96125e-06 
1.45624e-06 
-9.63818e-07 
4.79798e-07 
-2.24968e-06 
4.51735e-06 
-6.82081e-06 
9.17774e-06 
-1.16059e-05 
1.41232e-05 
-1.6748e-05 
1.94987e-05 
-2.23947e-05 
2.54558e-05 
-2.87025e-05 
3.21563e-05 
-3.58397e-05 
3.97763e-05 
-4.39908e-05 
4.85093e-05 
-5.33594e-05 
5.85703e-05 
-6.41728e-05 
7.01997e-05 
-7.66854e-05 
8.36669e-05 
-9.11831e-05 
9.92754e-05 
-0.000107988 
0.000117366 
-0.000127461 
0.000138324 
-0.000150011 
0.000162581 
-0.000176096 
0.000190623 
-0.000206231 
0.000222995 
-0.000240994 
0.000260309 
-0.000281029 
0.000303246 
-0.000327058 
0.000352568 
-0.000379884 
0.00040912 
-0.000440398 
0.000473844 
-0.000509591 
0.000547779 
-0.000588554 
0.000632071 
-0.000678492 
0.000727986 
-0.000780729 
0.000836908 
-0.000896716 
0.000960355 
-0.00102804 
0.00109998 
-0.00117642 
0.00125759 
-0.00134374 
0.00143512 
-0.00153202 
0.0016347 
-0.00174345 
0.00185858 
-0.00198038 
0.00210919 
-0.00224533 
0.00238915 
-0.00254098 
0.0027012 
-0.00287018 
0.0030483 
-0.00323595 
0.00343353 
-0.00364146 
0.00386015 
-0.00409004 
0.00433156 
-0.00458516 
0.00485129 
-0.00513042 
0.00542301 
-0.00572954 
0.00605048 
-0.00638632 
0.00673755 
-0.00710465 
0.00748812 
-0.00788844 
0.00830612 
-0.00874163 
0.00919546 
-0.0096681 
0.01016 
-0.0106717 
0.0112036 
-0.0117561 
0.0123298 
-0.0129249 
0.013542 
-0.0141814 
0.0148435 
-0.0155287 
0.0162372 
-0.0169694 
0.0177255 
-0.0185058 
0.0193105 
-0.0201398 
0.0209937 
-0.0218725 
0.0227761 
-0.0237045 
0.0246578 
-0.0256358 
0.0266384 
-0.0276654 
0.0287166 
-0.0297916 
0.0308901 
-0.0320116 
0.0331557 
-0.0343218 
0.0355091 
-0.0367171 
0.037945 
-0.0391918 
0.0404567 
-0.0417385 
0.0430363 
-0.0443489 
0.0456749 
-0.0470131 
0.048362 
-0.0497201 
0.0510858 
-0.0524575 
0.0538333 
-0.0552115 
0.05659 
-0.0579669 
0.0593402 
-0.0607075 
0.0620668 
-0.0634156 
0.0647516 
-0.0660723 
0.0673753 
-0.0686578 
0.0699174 
-0.0711512 
0.0723566 
-0.0735307 
0.0746708 
-0.0757739 
0.0768373 
-0.077858 
0.078833 
-0.0797594 
0.0806344 
-0.0814549 
0.0822181 
-0.0829211 
0.083561 
-0.0841349 
0.0846402 
-0.085074 
0.0854338 
-0.0857169 
0.0859207 
-0.086043 
0.0860812 
-0.0860333 
0.085897 
-0.0856705 
0.0853518 
-0.0849392 
0.0844312 
-0.0838263 
0.0831234 
-0.0823212 
0.0814189 
-0.0804158 
0.0793114 
-0.0781053 
0.0767975 
-0.075388 
0.0738772 
-0.0722655 
0.0705538 
-0.0687429 
0.0668342 
-0.064829 
0.0627291 
-0.0605363 
0.0582529 
-0.0558811 
0.0534237 
-0.0508834 
0.0482634 
-0.0455669 
0.0427976 
-0.0399591 
0.0370554 
-0.0340907 
0.0310694 
-0.027996 
0.0248753 
-0.0217122 
0.0185118 
-0.0152794 
0.0120203 
-0.00874009 
0.00544444 
-0.00213909 
-0.0011701 
0.00447717 
-0.00777612 
0.0110609 
-0.0143253 
0.0175633 
-0.0207687 
0.0239354 
-0.0270572 
0.030128 
-0.0331419 
0.0360927 
-0.0389748 
0.0417822 
-0.0445092 
0.0471504 
-0.0497003 
0.0521537 
-0.0545055 
0.0567508 
-0.0588849 
0.0609034 
-0.062802 
0.0645767 
-0.0662238 
0.0677397 
-0.0691212 
0.0703654 
-0.0714695 
0.0724313 
-0.0732487 
0.0739199 
-0.0744434 
0.0748181 
-0.0750433 
0.0751184 
-0.0750433 
0.0748181 
-0.0744434 
0.0739199 
-0.0732487 
0.0724313 
-0.0714695 
0.0703654 
-0.0691212 
0.0677397 
-0.0662238 
0.0645767 
-0.062802 
0.0609034 
-0.0588849 
0.0567508 
-0.0545055 
0.0521537 
-0.0497003 
0.0471504 
-0.0445092 
0.0417822 
-0.0389748 
0.0360927 
-0.0331419 
0.030128 
-0.0270572 
0.0239354 
-0.0207687 
0.0175633 
-0.0143253 
0.0110609 
-0.00777612 
0.00447717 
-0.0011701 
-0.00213909 
0.00544444 
-0.00874009 
0.0120203 
-0.0152794 
0.0185118 
-0.0217122 
0.0248753 
-0.027996 
0.0310694 
-0.0340907 
0.0370554 
-0.0399591 
0.0427976 
-0.0455669 
0.0482634 
-0.0508834 
0.0534237 
-0.0558811 
0.0582529 
-0.0605363 
0.0627291 
-0.064829 
0.0668342 
-0.0687429 
0.0705538 
-0.0722655 
0.0738772 
-0.075388 
0.0767975 
-0.0781053 
0.0793114 
-0.0804158 
0.0814189 
-0.0823212 
0.0831234 
-0.0838263 
0.0844312 
-0.0849392 
0.0853518 
-0.0856705 
0.085897 
-0.0860333 
0.0860812 
-0.086043 
0.0859207 
-0.0857169 
0.0854338 
-0.085074 
0.0846402 
-0.0841349 
0.083561 
-0.0829211 
0.0822181 
-0.0814549 
0.0806344 
-0.0797594 
0.078833 
-0.077858 
0.0768373 
-0.0757739 
0.0746708 
-0.0735307 
0.0723566 
-0.0711512 
0.0699174 
-0.0686578 
0.0673753 
-0.0660723 
0.0647516 
-0.0634156 
0.0620668 
-0.0607075 
0.0593402 
-0.0579669 
0.05659 
-0.0552115 
0.0538333 
-0.0524575 
0.0510858 
-0.0497201 
0.048362 
-0.0470131 
0.0456749 
-0.0443489 
0.0430363 
-0.0417385 
0.0404567 
-0.0391918 
0.037945 
-0.0367171 
0.0355091 
-0.0343218 
0.0331557 
-0.0320116 
0.0308901 
-0.0297916 
0.0287166 
-0.0276654 
0.0266384 
-0.0256358 
0.0246578 
-0.0237045 
0.0227761 
-0.0218725 
0.0209937 
-0.0201398 
0.0193105 
-0.0185058 
0.0177255 
-0.0169694 
0.0162372 
-0.0155287 
0.0148435 
-0.0141814 
0.013542 
-0.0129249 
0.0123298 
-0.0117561 
0.0112036 
-0.0106717 
0.01016 
-0.0096681 
0.00919546 
-0.00874163 
0.00830612 
-0.00788844 
0.00748812 
-0.00710465 
0.00673755 
-0.00638632 
0.00605048 
-0.00572954 
0.00542301 
-0.00513042 
0.00485129 
-0.00458516 
0.00433156 
-0.00409004 
0.00386015 
-0.00364146 
0.00343353 
-0.00323595 
0.0030483 
-0.00287018 
0.0027012 
-0.00254098 
0.00238915 
-0.00224533 
0.00210919 
-0.00198038 
0.00185858 
-0.00174345 
0.0016347 
-0.00153202 
0.00143512 
-0.00134374 
0.00125759 
-0.00117642 
0.00109998 
-0.00102804 
0.000960355 
-0.000896716 
0.000836908 
-0.000780729 
0.000727986 
-0.000678492 
0.000632071 
-0.000588554 
0.000547779 
-0.000509591 
0.000473844 
-0.000440398 
0.00040912 
-0.000379884 
0.000352568 
-0.000327058 
0.000303246 
-0.000281029 
0.000260309 
-0.000240994 
0.000222995 
-0.000206231 
0.000190623 
-0.000176096 
0.000162581 
-0.000150011 
0.000138324 
-0.000127461 
0.000117366 
-0.000107988 
9.92754e-05 
-9.11831e-05 
8.36669e-05 
-7.66854e-05 
7.01997e-05 
-6.41728e-05 
5.85703e-05 
-5.33594e-05 
4.85093e-05 
-4.39908e-05 
3.97763e-05 
-3.58397e-05 
3.21563e-05 
-2.87025e-05 
2.54558e-05 
-2.23947e-05 
1.94987e-05 
-1.6748e-05 
1.41232e-05 
-1.16059e-05 
9.17774e-06 
-6.82081e-06 
4.51735e-06 
-2.24968e-06 
