0,0.0107422
0.001,0.0103175
0.002,0.00990271
0.003,0.00949765
0.004,0.00910218
0.005,0.00871613
0.006,0.00833936
0.007,0.0079717
0.008,0.00761303
0.009,0.00726317
0.01,0.006922
0.011,0.00658937
0.012,0.00626513
0.013,0.00594915
0.014,0.00564128
0.015,0.00534139
0.016,0.00504935
0.017,0.00476501
0.018,0.00448826
0.019,0.00421895
0.02,0.00395696
0.021,0.00370216
0.022,0.00345443
0.023,0.00321364
0.024,0.00297967
0.025,0.0027524
0.026,0.0025317
0.027,0.00231747
0.028,0.00210958
0.029,0.00190791
0.03,0.00171237
0.031,0.00152282
0.032,0.00133917
0.033,0.00116131
0.034,0.000989112
0.035,0.000822486
0.036,0.000661325
0.037,0.000505522
0.038,0.000354976
0.039,0.000209587
0.04,6.92527e-05
0.041,-6.61234e-05
0.042,-0.000196639
0.043,-0.000322391
0.044,-0.000443472
0.045,-0.000559977
0.046,-0.000671997
0.047,-0.000779623
0.048,-0.000882946
0.049,-0.000982053
0.05,-0.00107703
0.051,-0.00116797
0.052,-0.00125495
0.053,-0.00133805
0.054,-0.00141736
0.055,-0.00149296
0.056,-0.00156494
0.057,-0.00163336
0.058,-0.00169831
0.059,-0.00175986
0.06,-0.00181809
0.061,-0.00187308
0.062,-0.0019249
0.063,-0.00197361
0.064,-0.0020193
0.065,-0.00206203
0.066,-0.00210187
0.067,-0.00213889
0.068,-0.00217316
0.069,-0.00220475
0.07,-0.00223371
0.071,-0.00226012
0.072,-0.00228404
0.073,-0.00230553
0.074,-0.00232465
0.075,-0.00234146
0.076,-0.00235602
0.077,-0.0023684
0.078,-0.00237865
0.079,-0.00238682
0.08,-0.00239297
0.081,-0.00239716
0.082,-0.00239945
0.083,-0.00239987
0.084,-0.0023985
0.085,-0.00239538
0.086,-0.00239056
0.087,-0.00238409
0.088,-0.00237602
0.089,-0.0023664
0.09,-0.00235527
0.091,-0.0023427
0.092,-0.00232871
0.093,-0.00231335
0.094,-0.00229668
0.095,-0.00227873
0.096,-0.00225955
0.097,-0.00223918
0.098,-0.00221766
0.099,-0.00219504
0.1,-0.00217134
0.101,-0.00214662
0.102,-0.00212092
0.103,-0.00209426
0.104,-0.00206669
0.105,-0.00203824
0.106,-0.00200895
0.107,-0.00197886
0.108,-0.001948
0.109,-0.0019164
0.11,-0.00188411
0.111,-0.00185114
0.112,-0.00181754
0.113,-0.00178333
0.114,-0.00174855
0.115,-0.00171323
0.116,-0.0016774
0.117,-0.00164108
0.118,-0.00160431
0.119,-0.00156711
0.12,-0.00152952
0.121,-0.00149155
0.122,-0.00145323
0.123,-0.0014146
0.124,-0.00137568
0.125,-0.00133648
0.126,-0.00129705
0.127,-0.00125739
0.128,-0.00121754
0.129,-0.00117751
0.13,-0.00113733
0.131,-0.00109702
0.132,-0.0010566
0.133,-0.0010161
0.134,-0.000975531
0.135,-0.000934915
0.136,-0.000894272
0.137,-0.000853622
0.138,-0.000812982
0.139,-0.000772372
0.14,-0.000731808
0.141,-0.000691309
0.142,-0.000650891
0.143,-0.000610571
0.144,-0.000570365
0.145,-0.000530288
0.146,-0.000490356
0.147,-0.000450585
0.148,-0.000410987
0.149,-0.000371578
0.15,-0.000332371
0.151,-0.000293379
0.152,-0.000254616
0.153,-0.000216095
0.154,-0.000177827
0.155,-0.000139824
0.156,-0.000102098
0.157,-6.46601e-05
0.158,-2.75215e-05
0.159,9.30749e-06
0.16,4.58166e-05
0.161,8.1996e-05
0.162,0.000117836
0.163,0.000153327
0.164,0.000188461
0.165,0.000223229
0.166,0.000257622
0.167,0.000291632
0.168,0.000325252
0.169,0.000358475
0.17,0.000391292
0.171,0.000423697
0.172,0.000455684
0.173,0.000487246
0.174,0.000518377
0.175,0.00054907
0.176,0.000579322
0.177,0.000609126
0.178,0.000638476
0.179,0.00066737
0.18,0.000695801
0.181,0.000723765
0.182,0.000751259
0.183,0.000778278
0.184,0.000804818
0.185,0.000830878
0.186,0.000856452
0.187,0.000881538
0.188,0.000906134
0.189,0.000930236
0.19,0.000953842
0.191,0.000976951
0.192,0.00099956
0.193,0.00102167
0.194,0.00104327
0.195,0.00106437
0.196,0.00108496
0.197,0.00110505
0.198,0.00112463
0.199,0.0011437
0.2,0.00116226
0.201,0.00118031
0.202,0.00119785
0.203,0.00121489
0.204,0.00123141
0.205,0.00124742
0.206,0.00126293
0.207,0.00127792
0.208,0.00129241
0.209,0.00130639
0.21,0.00131987
0.211,0.00133284
0.212,0.00134531
0.213,0.00135727
0.214,0.00136874
0.215,0.0013797
0.216,0.00139017
0.217,0.00140014
0.218,0.00140962
0.219,0.00141861
0.22,0.00142711
0.221,0.00143513
0.222,0.00144266
0.223,0.0014497
0.224,0.00145627
0.225,0.00146236
0.226,0.00146798
0.227,0.00147313
0.228,0.00147781
0.229,0.00148203
0.23,0.00148578
0.231,0.00148908
0.232,0.00149192
0.233,0.00149431
0.234,0.00149626
0.235,0.00149776
0.236,0.00149882
0.237,0.00149944
0.238,0.00149963
0.239,0.00149939
0.24,0.00149872
0.241,0.00149764
0.242,0.00149614
0.243,0.00149422
0.244,0.0014919
0.245,0.00148917
0.246,0.00148604
0.247,0.00148252
0.248,0.0014786
0.249,0.0014743
0.25,0.00146961
0.251,0.00146455
0.252,0.00145911
0.253,0.00145331
0.254,0.00144714
0.255,0.00144061
0.256,0.00143372
0.257,0.00142649
0.258,0.00141891
0.259,0.00141099
0.26,0.00140273
0.261,0.00139415
0.262,0.00138523
0.263,0.001376
0.264,0.00136645
0.265,0.00135659
0.266,0.00134643
0.267,0.00133596
0.268,0.00132519
0.269,0.00131414
0.27,0.0013028
0.271,0.00129118
0.272,0.00127928
0.273,0.00126711
0.274,0.00125468
0.275,0.00124199
0.276,0.00122904
0.277,0.00121584
0.278,0.00120239
0.279,0.00118871
0.28,0.00117479
0.281,0.00116064
0.282,0.00114627
0.283,0.00113167
0.284,0.00111687
0.285,0.00110185
0.286,0.00108663
0.287,0.00107121
0.288,0.00105559
0.289,0.00103979
0.29,0.0010238
0.291,0.00100764
0.292,0.0009913
0.293,0.000974792
0.294,0.000958121
0.295,0.000941291
0.296,0.000924308
0.297,0.000907176
0.298,0.000889901
0.299,0.000872487
0.3,0.00085494
0.301,0.000837264
0.302,0.000819464
0.303,0.000801546
0.304,0.000783513
0.305,0.000765372
0.306,0.000747126
0.307,0.000728781
0.308,0.000710341
0.309,0.000691811
0.31,0.000673196
0.311,0.0006545
0.312,0.000635729
0.313,0.000616886
0.314,0.000597977
0.315,0.000579006
0.316,0.000559978
0.317,0.000540897
0.318,0.000521767
0.319,0.000502594
0.32,0.000483381
0.321,0.000464134
0.322,0.000444856
0.323,0.000425552
0.324,0.000406226
0.325,0.000386882
0.326,0.000367525
0.327,0.000348159
0.328,0.000328788
0.329,0.000309417
0.33,0.000290048
0.331,0.000270688
0.332,0.000251338
0.333,0.000232005
0.334,0.00021269
0.335,0.0001934
0.336,0.000174136
0.337,0.000154904
0.338,0.000135707
0.339,0.000116548
0.34,9.74324e-05
0.341,7.83628e-05
0.342,5.93432e-05
0.343,4.03771e-05
0.344,2.14682e-05
0.345,2.61991e-06
0.346,-1.61641e-05
0.347,-3.48805e-05
0.348,-5.35258e-05
0.349,-7.20966e-05
0.35,-9.05896e-05
0.351,-0.000109001
0.352,-0.000127329
0.353,-0.000145569
0.354,-0.000163718
0.355,-0.000181773
0.356,-0.000199731
0.357,-0.000217589
0.358,-0.000235344
0.359,-0.000252993
0.36,-0.000270533
0.361,-0.000287961
0.362,-0.000305275
0.363,-0.00032247
0.364,-0.000339546
0.365,-0.000356499
0.366,-0.000373326
0.367,-0.000390025
0.368,-0.000406593
0.369,-0.000423028
0.37,-0.000439327
0.371,-0.000455488
0.372,-0.000471508
0.373,-0.000487385
0.374,-0.000503117
0.375,-0.000518701
0.376,-0.000534135
0.377,-0.000549417
0.378,-0.000564545
0.379,-0.000579517
0.38,-0.00059433
0.381,-0.000608983
0.382,-0.000623474
0.383,-0.0006378
0.384,-0.00065196
0.385,-0.000665953
0.386,-0.000679775
0.387,-0.000693426
0.388,-0.000706903
0.389,-0.000720206
0.39,-0.000733332
0.391,-0.00074628
0.392,-0.000759049
0.393,-0.000771636
0.394,-0.00078404
0.395,-0.00079626
0.396,-0.000808295
0.397,-0.000820144
0.398,-0.000831804
0.399,-0.000843275
0.4,-0.000854555
0.401,-0.000865644
0.402,-0.000876539
0.403,-0.000887241
0.404,-0.000897748
0.405,-0.000908059
0.406,-0.000918173
0.407,-0.00092809
0.408,-0.000937807
0.409,-0.000947325
0.41,-0.000956643
0.411,-0.00096576
0.412,-0.000974674
0.413,-0.000983387
0.414,-0.000991896
0.415,-0.0010002
0.416,-0.0010083
0.417,-0.0010162
0.418,-0.00102389
0.419,-0.00103137
0.42,-0.00103865
0.421,-0.00104572
0.422,-0.00105259
0.423,-0.00105925
0.424,-0.0010657
0.425,-0.00107194
0.426,-0.00107797
0.427,-0.0010838
0.428,-0.00108942
0.429,-0.00109483
0.43,-0.00110003
0.431,-0.00110502
0.432,-0.0011098
0.433,-0.00111438
0.434,-0.00111875
0.435,-0.00112291
0.436,-0.00112686
0.437,-0.0011306
0.438,-0.00113414
0.439,-0.00113747
0.44,-0.00114059
0.441,-0.0011435
0.442,-0.00114621
0.443,-0.00114871
0.444,-0.00115101
0.445,-0.0011531
0.446,-0.00115499
0.447,-0.00115667
0.448,-0.00115815
0.449,-0.00115942
0.45,-0.0011605
0.451,-0.00116137
0.452,-0.00116204
0.453,-0.00116251
0.454,-0.00116278
0.455,-0.00116285
0.456,-0.00116272
0.457,-0.00116239
0.458,-0.00116187
0.459,-0.00116115
0.46,-0.00116023
0.461,-0.00115913
0.462,-0.00115782
0.463,-0.00115633
0.464,-0.00115464
0.465,-0.00115277
0.466,-0.0011507
0.467,-0.00114845
0.468,-0.00114601
0.469,-0.00114338
0.47,-0.00114057
0.471,-0.00113757
0.472,-0.0011344
0.473,-0.00113103
0.474,-0.00112749
0.475,-0.00112377
0.476,-0.00111988
0.477,-0.0011158
0.478,-0.00111155
0.479,-0.00110713
0.48,-0.00110253
0.481,-0.00109777
0.482,-0.00109283
0.483,-0.00108772
0.484,-0.00108245
0.485,-0.00107701
0.486,-0.00107141
0.487,-0.00106564
0.488,-0.00105971
0.489,-0.00105363
0.49,-0.00104738
0.491,-0.00104098
0.492,-0.00103442
0.493,-0.00102771
0.494,-0.00102085
0.495,-0.00101383
0.496,-0.00100667
0.497,-0.00099936
0.498,-0.000991904
0.499,-0.000984304
0.5,-0.000976562
0.501,-0.00096868
0.502,-0.000960659
0.503,-0.0009525
0.504,-0.000944206
0.505,-0.000935778
0.506,-0.000927218
0.507,-0.000918527
0.508,-0.000909709
0.509,-0.000900763
0.51,-0.000891693
0.511,-0.000882499
0.512,-0.000873184
0.513,-0.00086375
0.514,-0.000854198
0.515,-0.00084453
0.516,-0.000834748
0.517,-0.000824853
0.518,-0.000814849
0.519,-0.000804736
0.52,-0.000794517
0.521,-0.000784193
0.522,-0.000773766
0.523,-0.000763238
0.524,-0.000752611
0.525,-0.000741887
0.526,-0.000731069
0.527,-0.000720156
0.528,-0.000709153
0.529,-0.00069806
0.53,-0.00068688
0.531,-0.000675614
0.532,-0.000664265
0.533,-0.000652834
0.534,-0.000641324
0.535,-0.000629736
0.536,-0.000618072
0.537,-0.000606334
0.538,-0.000594525
0.539,-0.000582645
0.54,-0.000570698
0.541,-0.000558685
0.542,-0.000546608
0.543,-0.000534469
0.544,-0.00052227
0.545,-0.000510014
0.546,-0.000497701
0.547,-0.000485334
0.548,-0.000472915
0.549,-0.000460445
0.55,-0.000447928
0.551,-0.000435365
0.552,-0.000422757
0.553,-0.000410107
0.554,-0.000397417
0.555,-0.000384688
0.556,-0.000371924
0.557,-0.000359124
0.558,-0.000346293
0.559,-0.000333431
0.56,-0.00032054
0.561,-0.000307623
0.562,-0.000294681
0.563,-0.000281716
0.564,-0.000268731
0.565,-0.000255727
0.566,-0.000242706
0.567,-0.00022967
0.568,-0.000216621
0.569,-0.000203561
0.57,-0.000190491
0.571,-0.000177414
0.572,-0.000164332
0.573,-0.000151246
0.574,-0.000138158
0.575,-0.000125071
0.576,-0.000111986
0.577,-9.89041e-05
0.578,-8.58284e-05
0.579,-7.27603e-05
0.58,-5.97017e-05
0.581,-4.66543e-05
0.582,-3.362e-05
0.583,-2.06006e-05
0.584,-7.59793e-06
0.585,5.38624e-06
0.586,1.83501e-05
0.587,3.12919e-05
0.588,4.42099e-05
0.589,5.71022e-05
0.59,6.99672e-05
0.591,8.28032e-05
0.592,9.56083e-05
0.593,0.000108381
0.594,0.000121119
0.595,0.000133821
0.596,0.000146486
0.597,0.000159112
0.598,0.000171696
0.599,0.000184238
0.6,0.000196735
0.601,0.000209187
0.602,0.000221591
0.603,0.000233945
0.604,0.000246249
0.605,0.000258501
0.606,0.000270699
0.607,0.000282841
0.608,0.000294927
0.609,0.000306953
0.61,0.00031892
0.611,0.000330825
0.612,0.000342667
0.613,0.000354444
0.614,0.000366156
0.615,0.000377799
0.616,0.000389374
0.617,0.000400878
0.618,0.000412311
0.619,0.00042367
0.62,0.000434955
0.621,0.000446164
0.622,0.000457295
0.623,0.000468348
0.624,0.000479321
0.625,0.000490212
0.626,0.000501021
0.627,0.000511745
0.628,0.000522385
0.629,0.000532938
0.63,0.000543403
0.631,0.000553779
0.632,0.000564066
0.633,0.00057426
0.634,0.000584363
0.635,0.000594371
0.636,0.000604285
0.637,0.000614103
0.638,0.000623823
0.639,0.000633445
0.64,0.000642968
0.641,0.000652391
0.642,0.000661712
0.643,0.000670931
0.644,0.000680046
0.645,0.000689057
0.646,0.000697962
0.647,0.00070676
0.648,0.000715451
0.649,0.000724034
0.65,0.000732507
0.651,0.00074087
0.652,0.000749122
0.653,0.000757262
0.654,0.000765289
0.655,0.000773203
0.656,0.000781002
0.657,0.000788685
0.658,0.000796252
0.659,0.000803703
0.66,0.000811035
0.661,0.00081825
0.662,0.000825345
0.663,0.00083232
0.664,0.000839175
0.665,0.000845908
0.666,0.00085252
0.667,0.000859009
0.668,0.000865374
0.669,0.000871616
0.67,0.000877734
0.671,0.000883727
0.672,0.000889594
0.673,0.000895336
0.674,0.00090095
0.675,0.000906438
0.676,0.000911798
0.677,0.00091703
0.678,0.000922134
0.679,0.000927109
0.68,0.000931955
0.681,0.00093667
0.682,0.000941256
0.683,0.000945711
0.684,0.000950036
0.685,0.000954229
0.686,0.000958291
0.687,0.000962221
0.688,0.00096602
0.689,0.000969685
0.69,0.000973219
0.691,0.000976619
0.692,0.000979887
0.693,0.000983021
0.694,0.000986022
0.695,0.00098889
0.696,0.000991623
0.697,0.000994224
0.698,0.00099669
0.699,0.000999022
0.7,0.00100122
0.701,0.00100328
0.702,0.00100521
0.703,0.00100701
0.704,0.00100867
0.705,0.0010102
0.706,0.00101159
0.707,0.00101285
0.708,0.00101397
0.709,0.00101496
0.71,0.00101582
0.711,0.00101654
0.712,0.00101713
0.713,0.00101759
0.714,0.00101791
0.715,0.0010181
0.716,0.00101816
0.717,0.00101808
0.718,0.00101787
0.719,0.00101753
0.72,0.00101705
0.721,0.00101645
0.722,0.00101571
0.723,0.00101484
0.724,0.00101384
0.725,0.00101271
0.726,0.00101145
0.727,0.00101005
0.728,0.00100853
0.729,0.00100688
0.73,0.0010051
0.731,0.00100319
0.732,0.00100116
0.733,0.000998994
0.734,0.000996704
0.735,0.000994286
0.736,0.000991742
0.737,0.000989073
0.738,0.000986278
0.739,0.000983359
0.74,0.000980316
0.741,0.000977149
0.742,0.000973859
0.743,0.000970446
0.744,0.000966912
0.745,0.000963257
0.746,0.000959481
0.747,0.000955585
0.748,0.00095157
0.749,0.000947436
0.75,0.000943184
0.751,0.000938815
0.752,0.000934329
0.753,0.000929727
0.754,0.000925011
0.755,0.00092018
0.756,0.000915235
0.757,0.000910177
0.758,0.000905007
0.759,0.000899726
0.76,0.000894335
0.761,0.000888833
0.762,0.000883223
0.763,0.000877505
0.764,0.000871679
0.765,0.000865748
0.766,0.00085971
0.767,0.000853568
0.768,0.000847323
0.769,0.000840974
0.77,0.000834524
0.771,0.000827972
0.772,0.000821321
0.773,0.00081457
0.774,0.000807721
0.775,0.000800775
0.776,0.000793733
0.777,0.000786595
0.778,0.000779363
0.779,0.000772038
0.78,0.000764621
0.781,0.000757112
0.782,0.000749513
0.783,0.000741825
0.784,0.000734049
0.785,0.000726186
0.786,0.000718237
0.787,0.000710203
0.788,0.000702085
0.789,0.000693884
0.79,0.000685601
0.791,0.000677238
0.792,0.000668796
0.793,0.000660275
0.794,0.000651677
0.795,0.000643002
0.796,0.000634253
0.797,0.00062543
0.798,0.000616534
0.799,0.000607567
0.8,0.00059853
0.801,0.000589423
0.802,0.000580249
0.803,0.000571007
0.804,0.0005617
0.805,0.000552329
0.806,0.000542895
0.807,0.000533398
0.808,0.000523841
0.809,0.000514224
0.81,0.000504549
0.811,0.000494817
0.812,0.000485029
0.813,0.000475187
0.814,0.000465291
0.815,0.000455343
0.816,0.000445344
0.817,0.000435295
0.818,0.000425199
0.819,0.000415055
0.82,0.000404865
0.821,0.000394631
0.822,0.000384354
0.823,0.000374034
0.824,0.000363674
0.825,0.000353275
0.826,0.000342838
0.827,0.000332363
0.828,0.000321854
0.829,0.00031131
0.83,0.000300733
0.831,0.000290124
0.832,0.000279486
0.833,0.000268818
0.834,0.000258122
0.835,0.000247401
0.836,0.000236654
0.837,0.000225883
0.838,0.00021509
0.839,0.000204276
0.84,0.000193442
0.841,0.00018259
0.842,0.00017172
0.843,0.000160835
0.844,0.000149935
0.845,0.000139022
0.846,0.000128097
0.847,0.000117161
0.848,0.000106216
0.849,9.52635e-05
0.85,8.43041e-05
0.851,7.33394e-05
0.852,6.23707e-05
0.853,5.13993e-05
0.854,4.04266e-05
0.855,2.94538e-05
0.856,1.84823e-05
0.857,7.51334e-06
0.858,-3.45172e-06
0.859,-1.44116e-05
0.86,-2.5365e-05
0.861,-3.63106e-05
0.862,-4.7247e-05
0.863,-5.81731e-05
0.864,-6.90875e-05
0.865,-7.9989e-05
0.866,-9.08761e-05
0.867,-0.000101748
0.868,-0.000112602
0.869,-0.000123439
0.87,-0.000134256
0.871,-0.000145053
0.872,-0.000155828
0.873,-0.000166579
0.874,-0.000177306
0.875,-0.000188007
0.876,-0.000198681
0.877,-0.000209327
0.878,-0.000219944
0.879,-0.000230529
0.88,-0.000241083
0.881,-0.000251604
0.882,-0.00026209
0.883,-0.00027254
0.884,-0.000282954
0.885,-0.00029333
0.886,-0.000303666
0.887,-0.000313961
0.888,-0.000324216
0.889,-0.000334427
0.89,-0.000344594
0.891,-0.000354716
0.892,-0.000364791
0.893,-0.000374819
0.894,-0.000384798
0.895,-0.000394727
0.896,-0.000404605
0.897,-0.000414431
0.898,-0.000424204
0.899,-0.000433922
0.9,-0.000443585
0.901,-0.000453191
0.902,-0.000462739
0.903,-0.000472228
0.904,-0.000481657
0.905,-0.000491026
0.906,-0.000500332
0.907,-0.000509575
0.908,-0.000518753
0.909,-0.000527866
0.91,-0.000536913
0.911,-0.000545893
0.912,-0.000554804
0.913,-0.000563645
0.914,-0.000572416
0.915,-0.000581116
0.916,-0.000589743
0.917,-0.000598297
0.918,-0.000606776
0.919,-0.00061518
0.92,-0.000623508
0.921,-0.000631758
0.922,-0.00063993
0.923,-0.000648023
0.924,-0.000656035
0.925,-0.000663967
0.926,-0.000671817
0.927,-0.000679584
0.928,-0.000687267
0.929,-0.000694866
0.93,-0.000702379
0.931,-0.000709806
0.932,-0.000717146
0.933,-0.000724398
0.934,-0.000731561
0.935,-0.000738635
0.936,-0.000745618
0.937,-0.00075251
0.938,-0.00075931
0.939,-0.000766017
0.94,-0.000772631
0.941,-0.000779151
0.942,-0.000785576
0.943,-0.000791904
0.944,-0.000798137
0.945,-0.000804272
0.946,-0.00081031
0.947,-0.000816249
0.948,-0.000822089
0.949,-0.000827829
0.95,-0.000833469
0.951,-0.000839007
0.952,-0.000844444
0.953,-0.000849779
0.954,-0.00085501
0.955,-0.000860138
0.956,-0.000865162
0.957,-0.000870081
0.958,-0.000874895
0.959,-0.000879603
0.96,-0.000884205
0.961,-0.0008887
0.962,-0.000893088
0.963,-0.000897368
0.964,-0.00090154
0.965,-0.000905603
0.966,-0.000909556
0.967,-0.0009134
0.968,-0.000917134
0.969,-0.000920757
0.97,-0.00092427
0.971,-0.000927671
0.972,-0.00093096
0.973,-0.000934138
0.974,-0.000937202
0.975,-0.000940155
0.976,-0.000942994
0.977,-0.000945719
0.978,-0.000948331
0.979,-0.000950829
0.98,-0.000953212
0.981,-0.000955481
0.982,-0.000957635
0.983,-0.000959675
0.984,-0.000961598
0.985,-0.000963407
0.986,-0.000965099
0.987,-0.000966676
0.988,-0.000968136
0.989,-0.000969481
0.99,-0.000970709
0.991,-0.00097182
0.992,-0.000972815
0.993,-0.000973693
0.994,-0.000974454
0.995,-0.000975098
0.996,-0.000975625
0.997,-0.000976035
0.998,-0.000976328
0.999,-0.000976504
1,-0.000976562
1.001,-0.000976504
1.002,-0.000976328
1.003,-0.000976035
1.004,-0.000975625
1.005,-0.000975098
1.006,-0.000974454
1.007,-0.000973693
1.008,-0.000972815
1.009,-0.00097182
1.01,-0.000970709
1.011,-0.000969481
1.012,-0.000968136
1.013,-0.000966676
1.014,-0.000965099
1.015,-0.000963407
1.016,-0.000961598
1.017,-0.000959675
1.018,-0.000957635
1.019,-0.000955481
1.02,-0.000953212
1.021,-0.000950829
1.022,-0.000948331
1.023,-0.000945719
1.024,-0.000942994
1.025,-0.000940155
1.026,-0.000937202
1.027,-0.000934138
1.028,-0.00093096
1.029,-0.000927671
1.03,-0.00092427
1.031,-0.000920757
1.032,-0.000917134
1.033,-0.0009134
1.034,-0.000909556
1.035,-0.000905603
1.036,-0.00090154
1.037,-0.000897368
1.038,-0.000893088
1.039,-0.0008887
1.04,-0.000884205
1.041,-0.000879603
1.042,-0.000874895
1.043,-0.000870081
1.044,-0.000865162
1.045,-0.000860138
1.046,-0.00085501
1.047,-0.000849779
1.048,-0.000844444
1.049,-0.000839007
1.05,-0.000833469
1.051,-0.000827829
1.052,-0.000822089
1.053,-0.000816249
1.054,-0.00081031
1.055,-0.000804272
1.056,-0.000798137
1.057,-0.000791904
1.058,-0.000785576
1.059,-0.000779151
1.06,-0.000772631
1.061,-0.000766017
1.062,-0.00075931
1.063,-0.00075251
1.064,-0.000745618
1.065,-0.000738635
1.066,-0.000731561
1.067,-0.000724398
1.068,-0.000717146
1.069,-0.000709806
1.07,-0.000702379
1.071,-0.000694866
1.072,-0.000687267
1.073,-0.000679584
1.074,-0.000671817
1.075,-0.000663967
1.076,-0.000656035
1.077,-0.000648023
1.078,-0.00063993
1.079,-0.000631758
1.08,-0.000623508
1.081,-0.00061518
1.082,-0.000606776
1.083,-0.000598297
1.084,-0.000589743
1.085,-0.000581116
1.086,-0.000572416
1.087,-0.000563645
1.088,-0.000554804
1.089,-0.000545893
1.09,-0.000536913
1.091,-0.000527866
1.092,-0.000518753
1.093,-0.000509575
1.094,-0.000500332
1.095,-0.000491026
1.096,-0.000481657
1.097,-0.000472228
1.098,-0.000462739
1.099,-0.000453191
1.1,-0.000443585
1.101,-0.000433922
1.102,-0.000424204
1.103,-0.000414431
1.104,-0.000404605
1.105,-0.000394727
1.106,-0.000384798
1.107,-0.000374819
1.108,-0.000364791
1.109,-0.000354716
1.11,-0.000344594
1.111,-0.000334427
1.112,-0.000324216
1.113,-0.000313961
1.114,-0.000303666
1.115,-0.00029333
1.116,-0.000282954
1.117,-0.00027254
1.118,-0.00026209
1.119,-0.000251604
1.12,-0.000241083
1.121,-0.000230529
1.122,-0.000219944
1.123,-0.000209327
1.124,-0.000198681
1.125,-0.000188007
1.126,-0.000177306
1.127,-0.000166579
1.128,-0.000155828
1.129,-0.000145053
1.13,-0.000134256
1.131,-0.000123439
1.132,-0.000112602
1.133,-0.000101748
1.134,-9.08761e-05
1.135,-7.9989e-05
1.136,-6.90875e-05
1.137,-5.81731e-05
1.138,-4.7247e-05
1.139,-3.63106e-05
1.14,-2.5365e-05
1.141,-1.44116e-05
1.142,-3.45172e-06
1.143,7.51334e-06
1.144,1.84823e-05
1.145,2.94538e-05
1.146,4.04266e-05
1.147,5.13993e-05
1.148,6.23707e-05
1.149,7.33394e-05
1.15,8.43041e-05
1.151,9.52635e-05
1.152,0.000106216
1.153,0.000117161
1.154,0.000128097
1.155,0.000139022
1.156,0.000149935
1.157,0.000160835
1.158,0.00017172
1.159,0.00018259
1.16,0.000193442
1.161,0.000204276
1.162,0.00021509
1.163,0.000225883
1.164,0.000236654
1.165,0.000247401
1.166,0.000258122
1.167,0.000268818
1.168,0.000279486
1.169,0.000290124
1.17,0.000300733
1.171,0.00031131
1.172,0.000321854
1.173,0.000332363
1.174,0.000342838
1.175,0.000353275
1.176,0.000363674
1.177,0.000374034
1.178,0.000384354
1.179,0.000394631
1.18,0.000404865
1.181,0.000415055
1.182,0.000425199
1.183,0.000435295
1.184,0.000445344
1.185,0.000455343
1.186,0.000465291
1.187,0.000475187
1.188,0.000485029
1.189,0.000494817
1.19,0.000504549
1.191,0.000514224
1.192,0.000523841
1.193,0.000533398
1.194,0.000542895
1.195,0.000552329
1.196,0.0005617
1.197,0.000571007
1.198,0.000580249
1.199,0.000589423
1.2,0.00059853
1.201,0.000607567
1.202,0.000616534
1.203,0.00062543
1.204,0.000634253
1.205,0.000643002
1.206,0.000651677
1.207,0.000660275
1.208,0.000668796
1.209,0.000677238
1.21,0.000685601
1.211,0.000693884
1.212,0.000702085
1.213,0.000710203
1.214,0.000718237
1.215,0.000726186
1.216,0.000734049
1.217,0.000741825
1.218,0.000749513
1.219,0.000757112
1.22,0.000764621
1.221,0.000772038
1.222,0.000779363
1.223,0.000786595
1.224,0.000793733
1.225,0.000800775
1.226,0.000807721
1.227,0.00081457
1.228,0.000821321
1.229,0.000827972
1.23,0.000834524
1.231,0.000840974
1.232,0.000847323
1.233,0.000853568
1.234,0.00085971
1.235,0.000865748
1.236,0.000871679
1.237,0.000877505
1.238,0.000883223
1.239,0.000888833
1.24,0.000894335
1.241,0.000899726
1.242,0.000905007
1.243,0.000910177
1.244,0.000915235
1.245,0.00092018
1.246,0.000925011
1.247,0.000929727
1.248,0.000934329
1.249,0.000938815
1.25,0.000943184
1.251,0.000947436
1.252,0.00095157
1.253,0.000955585
1.254,0.000959481
1.255,0.000963257
1.256,0.000966912
1.257,0.000970446
1.258,0.000973859
1.259,0.000977149
1.26,0.000980316
1.261,0.000983359
1.262,0.000986278
1.263,0.000989073
1.264,0.000991742
1.265,0.000994286
1.266,0.000996704
1.267,0.000998994
1.268,0.00100116
1.269,0.00100319
1.27,0.0010051
1.271,0.00100688
1.272,0.00100853
1.273,0.00101005
1.274,0.00101145
1.275,0.00101271
1.276,0.00101384
1.277,0.00101484
1.278,0.00101571
1.279,0.00101645
1.28,0.00101705
1.281,0.00101753
1.282,0.00101787
1.283,0.00101808
1.284,0.00101816
1.285,0.0010181
1.286,0.00101791
1.287,0.00101759
1.288,0.00101713
1.289,0.00101654
1.29,0.00101582
1.291,0.00101496
1.292,0.00101397
1.293,0.00101285
1.294,0.00101159
1.295,0.0010102
1.296,0.00100867
1.297,0.00100701
1.298,0.00100521
1.299,0.00100328
1.3,0.00100122
1.301,0.000999022
1.302,0.00099669
1.303,0.000994224
1.304,0.000991623
1.305,0.00098889
1.306,0.000986022
1.307,0.000983021
1.308,0.000979887
1.309,0.000976619
1.31,0.000973219
1.311,0.000969685
1.312,0.00096602
1.313,0.000962221
1.314,0.000958291
1.315,0.000954229
1.316,0.000950036
1.317,0.000945711
1.318,0.000941256
1.319,0.00093667
1.32,0.000931955
1.321,0.000927109
1.322,0.000922134
1.323,0.00091703
1.324,0.000911798
1.325,0.000906438
1.326,0.00090095
1.327,0.000895336
1.328,0.000889594
1.329,0.000883727
1.33,0.000877734
1.331,0.000871616
1.332,0.000865374
1.333,0.000859009
1.334,0.00085252
1.335,0.000845908
1.336,0.000839175
1.337,0.00083232
1.338,0.000825345
1.339,0.00081825
1.34,0.000811035
1.341,0.000803703
1.342,0.000796252
1.343,0.000788685
1.344,0.000781002
1.345,0.000773203
1.346,0.000765289
1.347,0.000757262
1.348,0.000749122
1.349,0.00074087
1.35,0.000732507
1.351,0.000724034
1.352,0.000715451
1.353,0.00070676
1.354,0.000697962
1.355,0.000689057
1.356,0.000680046
1.357,0.000670931
1.358,0.000661712
1.359,0.000652391
1.36,0.000642968
1.361,0.000633445
1.362,0.000623823
1.363,0.000614103
1.364,0.000604285
1.365,0.000594371
1.366,0.000584363
1.367,0.00057426
1.368,0.000564066
1.369,0.000553779
1.37,0.000543403
1.371,0.000532938
1.372,0.000522385
1.373,0.000511745
1.374,0.000501021
1.375,0.000490212
1.376,0.000479321
1.377,0.000468348
1.378,0.000457295
1.379,0.000446164
1.38,0.000434955
1.381,0.00042367
1.382,0.000412311
1.383,0.000400878
1.384,0.000389374
1.385,0.000377799
1.386,0.000366156
1.387,0.000354444
1.388,0.000342667
1.389,0.000330825
1.39,0.00031892
1.391,0.000306953
1.392,0.000294927
1.393,0.000282841
1.394,0.000270699
1.395,0.000258501
1.396,0.000246249
1.397,0.000233945
1.398,0.000221591
1.399,0.000209187
1.4,0.000196735
1.401,0.000184238
1.402,0.000171696
1.403,0.000159112
1.404,0.000146486
1.405,0.000133821
1.406,0.000121119
1.407,0.000108381
1.408,9.56083e-05
1.409,8.28032e-05
1.41,6.99672e-05
1.411,5.71022e-05
1.412,4.42099e-05
1.413,3.12919e-05
1.414,1.83501e-05
1.415,5.38624e-06
1.416,-7.59793e-06
1.417,-2.06006e-05
1.418,-3.362e-05
1.419,-4.66543e-05
1.42,-5.97017e-05
1.421,-7.27603e-05
1.422,-8.58284e-05
1.423,-9.89041e-05
1.424,-0.000111986
1.425,-0.000125071
1.426,-0.000138158
1.427,-0.000151246
1.428,-0.000164332
1.429,-0.000177414
1.43,-0.000190491
1.431,-0.000203561
1.432,-0.000216621
1.433,-0.00022967
1.434,-0.000242706
1.435,-0.000255727
1.436,-0.000268731
1.437,-0.000281716
1.438,-0.000294681
1.439,-0.000307623
1.44,-0.00032054
1.441,-0.000333431
1.442,-0.000346293
1.443,-0.000359124
1.444,-0.000371924
1.445,-0.000384688
1.446,-0.000397417
1.447,-0.000410107
1.448,-0.000422757
1.449,-0.000435365
1.45,-0.000447928
1.451,-0.000460445
1.452,-0.000472915
1.453,-0.000485334
1.454,-0.000497701
1.455,-0.000510014
1.456,-0.00052227
1.457,-0.000534469
1.458,-0.000546608
1.459,-0.000558685
1.46,-0.000570698
1.461,-0.000582645
1.462,-0.000594525
1.463,-0.000606334
1.464,-0.000618072
1.465,-0.000629736
1.466,-0.000641324
1.467,-0.000652834
1.468,-0.000664265
1.469,-0.000675614
1.47,-0.00068688
1.471,-0.00069806
1.472,-0.000709153
1.473,-0.000720156
1.474,-0.000731069
1.475,-0.000741887
1.476,-0.000752611
1.477,-0.000763238
1.478,-0.000773766
1.479,-0.000784193
1.48,-0.000794517
1.481,-0.000804736
1.482,-0.000814849
1.483,-0.000824853
1.484,-0.000834748
1.485,-0.00084453
1.486,-0.000854198
1.487,-0.00086375
1.488,-0.000873184
1.489,-0.000882499
1.49,-0.000891693
1.491,-0.000900763
1.492,-0.000909709
1.493,-0.000918527
1.494,-0.000927218
1.495,-0.000935778
1.496,-0.000944206
1.497,-0.0009525
1.498,-0.000960659
1.499,-0.00096868
1.5,-0.000976562
1.501,-0.000984304
1.502,-0.000991904
1.503,-0.00099936
1.504,-0.00100667
1.505,-0.00101383
1.506,-0.00102085
1.507,-0.00102771
1.508,-0.00103442
1.509,-0.00104098
1.51,-0.00104738
1.511,-0.00105363
1.512,-0.00105971
1.513,-0.00106564
1.514,-0.00107141
1.515,-0.00107701
1.516,-0.00108245
1.517,-0.00108772
1.518,-0.00109283
1.519,-0.00109777
1.52,-0.00110253
1.521,-0.00110713
1.522,-0.00111155
1.523,-0.0011158
1.524,-0.00111988
1.525,-0.00112377
1.526,-0.00112749
1.527,-0.00113103
1.528,-0.0011344
1.529,-0.00113757
1.53,-0.00114057
1.531,-0.00114338
1.532,-0.00114601
1.533,-0.00114845
1.534,-0.0011507
1.535,-0.00115277
1.536,-0.00115464
1.537,-0.00115633
1.538,-0.00115782
1.539,-0.00115913
1.54,-0.00116023
1.541,-0.00116115
1.542,-0.00116187
1.543,-0.00116239
1.544,-0.00116272
1.545,-0.00116285
1.546,-0.00116278
1.547,-0.00116251
1.548,-0.00116204
1.549,-0.00116137
1.55,-0.0011605
1.551,-0.00115942
1.552,-0.00115815
1.553,-0.00115667
1.554,-0.00115499
1.555,-0.0011531
1.556,-0.00115101
1.557,-0.00114871
1.558,-0.00114621
1.559,-0.0011435
1.56,-0.00114059
1.561,-0.00113747
1.562,-0.00113414
1.563,-0.0011306
1.564,-0.00112686
1.565,-0.00112291
1.566,-0.00111875
1.567,-0.00111438
1.568,-0.0011098
1.569,-0.00110502
1.57,-0.00110003
1.571,-0.00109483
1.572,-0.00108942
1.573,-0.0010838
1.574,-0.00107797
1.575,-0.00107194
1.576,-0.0010657
1.577,-0.00105925
1.578,-0.00105259
1.579,-0.00104572
1.58,-0.00103865
1.581,-0.00103137
1.582,-0.00102389
1.583,-0.0010162
1.584,-0.0010083
1.585,-0.0010002
1.586,-0.000991896
1.587,-0.000983387
1.588,-0.000974674
1.589,-0.00096576
1.59,-0.000956643
1.591,-0.000947325
1.592,-0.000937807
1.593,-0.00092809
1.594,-0.000918173
1.595,-0.000908059
1.596,-0.000897748
1.597,-0.000887241
1.598,-0.000876539
1.599,-0.000865644
1.6,-0.000854555
1.601,-0.000843275
1.602,-0.000831804
1.603,-0.000820144
1.604,-0.000808295
1.605,-0.00079626
1.606,-0.00078404
1.607,-0.000771636
1.608,-0.000759049
1.609,-0.00074628
1.61,-0.000733332
1.611,-0.000720206
1.612,-0.000706903
1.613,-0.000693426
1.614,-0.000679775
1.615,-0.000665953
1.616,-0.00065196
1.617,-0.0006378
1.618,-0.000623474
1.619,-0.000608983
1.62,-0.00059433
1.621,-0.000579517
1.622,-0.000564545
1.623,-0.000549417
1.624,-0.000534135
1.625,-0.000518701
1.626,-0.000503117
1.627,-0.000487385
1.628,-0.000471508
1.629,-0.000455488
1.63,-0.000439327
1.631,-0.000423028
1.632,-0.000406593
1.633,-0.000390025
1.634,-0.000373326
1.635,-0.000356499
1.636,-0.000339546
1.637,-0.00032247
1.638,-0.000305275
1.639,-0.000287961
1.64,-0.000270533
1.641,-0.000252993
1.642,-0.000235344
1.643,-0.000217589
1.644,-0.000199731
1.645,-0.000181773
1.646,-0.000163718
1.647,-0.000145569
1.648,-0.000127329
1.649,-0.000109001
1.65,-9.05896e-05
1.651,-7.20966e-05
1.652,-5.35258e-05
1.653,-3.48805e-05
1.654,-1.61641e-05
1.655,2.61991e-06
1.656,2.14682e-05
1.657,4.03771e-05
1.658,5.93432e-05
1.659,7.83628e-05
1.66,9.74324e-05
1.661,0.000116548
1.662,0.000135707
1.663,0.000154904
1.664,0.000174136
1.665,0.0001934
1.666,0.00021269
1.667,0.000232005
1.668,0.000251338
1.669,0.000270688
1.67,0.000290048
1.671,0.000309417
1.672,0.000328788
1.673,0.000348159
1.674,0.000367525
1.675,0.000386882
1.676,0.000406226
1.677,0.000425552
1.678,0.000444856
1.679,0.000464134
1.68,0.000483381
1.681,0.000502594
1.682,0.000521767
1.683,0.000540897
1.684,0.000559978
1.685,0.000579006
1.686,0.000597977
1.687,0.000616886
1.688,0.000635729
1.689,0.0006545
1.69,0.000673196
1.691,0.000691811
1.692,0.000710341
1.693,0.000728781
1.694,0.000747126
1.695,0.000765372
1.696,0.000783513
1.697,0.000801546
1.698,0.000819464
1.699,0.000837264
1.7,0.00085494
1.701,0.000872487
1.702,0.000889901
1.703,0.000907176
1.704,0.000924308
1.705,0.000941291
1.706,0.000958121
1.707,0.000974792
1.708,0.0009913
1.709,0.00100764
1.71,0.0010238
1.711,0.00103979
1.712,0.00105559
1.713,0.00107121
1.714,0.00108663
1.715,0.00110185
1.716,0.00111687
1.717,0.00113167
1.718,0.00114627
1.719,0.00116064
1.72,0.00117479
1.721,0.00118871
1.722,0.00120239
1.723,0.00121584
1.724,0.00122904
1.725,0.00124199
1.726,0.00125468
1.727,0.00126711
1.728,0.00127928
1.729,0.00129118
1.73,0.0013028
1.731,0.00131414
1.732,0.00132519
1.733,0.00133596
1.734,0.00134643
1.735,0.00135659
1.736,0.00136645
1.737,0.001376
1.738,0.00138523
1.739,0.00139415
1.74,0.00140273
1.741,0.00141099
1.742,0.00141891
1.743,0.00142649
1.744,0.00143372
1.745,0.00144061
1.746,0.00144714
1.747,0.00145331
1.748,0.00145911
1.749,0.00146455
1.75,0.00146961
1.751,0.0014743
1.752,0.0014786
1.753,0.00148252
1.754,0.00148604
1.755,0.00148917
1.756,0.0014919
1.757,0.00149422
1.758,0.00149614
1.759,0.00149764
1.76,0.00149872
1.761,0.00149939
1.762,0.00149963
1.763,0.00149944
1.764,0.00149882
1.765,0.00149776
1.766,0.00149626
1.767,0.00149431
1.768,0.00149192
1.769,0.00148908
1.77,0.00148578
1.771,0.00148203
1.772,0.00147781
1.773,0.00147313
1.774,0.00146798
1.775,0.00146236
1.776,0.00145627
1.777,0.0014497
1.778,0.00144266
1.779,0.00143513
1.78,0.00142711
1.781,0.00141861
1.782,0.00140962
1.783,0.00140014
1.784,0.00139017
1.785,0.0013797
1.786,0.00136874
1.787,0.00135727
1.788,0.00134531
1.789,0.00133284
1.79,0.00131987
1.791,0.00130639
1.792,0.00129241
1.793,0.00127792
1.794,0.00126293
1.795,0.00124742
1.796,0.00123141
1.797,0.00121489
1.798,0.00119785
1.799,0.00118031
1.8,0.00116226
1.801,0.0011437
1.802,0.00112463
1.803,0.00110505
1.804,0.00108496
1.805,0.00106437
1.806,0.00104327
1.807,0.00102167
1.808,0.00099956
1.809,0.000976951
1.81,0.000953842
1.811,0.000930236
1.812,0.000906134
1.813,0.000881538
1.814,0.000856452
1.815,0.000830878
1.816,0.000804818
1.817,0.000778278
1.818,0.000751259
1.819,0.000723765
1.82,0.000695801
1.821,0.00066737
1.822,0.000638476
1.823,0.000609126
1.824,0.000579322
1.825,0.00054907
1.826,0.000518377
1.827,0.000487246
1.828,0.000455684
1.829,0.000423697
1.83,0.000391292
1.831,0.000358475
1.832,0.000325252
1.833,0.000291632
1.834,0.000257622
1.835,0.000223229
1.836,0.000188461
1.837,0.000153327
1.838,0.000117836
1.839,8.1996e-05
1.84,4.58166e-05
1.841,9.30749e-06
1.842,-2.75215e-05
1.843,-6.46601e-05
1.844,-0.000102098
1.845,-0.000139824
1.846,-0.000177827
1.847,-0.000216095
1.848,-0.000254616
1.849,-0.000293379
1.85,-0.000332371
1.851,-0.000371578
1.852,-0.000410987
1.853,-0.000450585
1.854,-0.000490356
1.855,-0.000530288
1.856,-0.000570365
1.857,-0.000610571
1.858,-0.000650891
1.859,-0.000691309
1.86,-0.000731808
1.861,-0.000772372
1.862,-0.000812982
1.863,-0.000853622
1.864,-0.000894272
1.865,-0.000934915
1.866,-0.000975531
1.867,-0.0010161
1.868,-0.0010566
1.869,-0.00109702
1.87,-0.00113733
1.871,-0.00117751
1.872,-0.00121754
1.873,-0.00125739
1.874,-0.00129705
1.875,-0.00133648
1.876,-0.00137568
1.877,-0.0014146
1.878,-0.00145323
1.879,-0.00149155
1.88,-0.00152952
1.881,-0.00156711
1.882,-0.00160431
1.883,-0.00164108
1.884,-0.0016774
1.885,-0.00171323
1.886,-0.00174855
1.887,-0.00178333
1.888,-0.00181754
1.889,-0.00185114
1.89,-0.00188411
1.891,-0.0019164
1.892,-0.001948
1.893,-0.00197886
1.894,-0.00200895
1.895,-0.00203824
1.896,-0.00206669
1.897,-0.00209426
1.898,-0.00212092
1.899,-0.00214662
1.9,-0.00217134
1.901,-0.00219504
1.902,-0.00221766
1.903,-0.00223918
1.904,-0.00225955
1.905,-0.00227873
1.906,-0.00229668
1.907,-0.00231335
1.908,-0.00232871
1.909,-0.0023427
1.91,-0.00235527
1.911,-0.0023664
1.912,-0.00237602
1.913,-0.00238409
1.914,-0.00239056
1.915,-0.00239538
1.916,-0.0023985
1.917,-0.00239987
1.918,-0.00239945
1.919,-0.00239716
1.92,-0.00239297
1.921,-0.00238682
1.922,-0.00237865
1.923,-0.0023684
1.924,-0.00235602
1.925,-0.00234146
1.926,-0.00232465
1.927,-0.00230553
1.928,-0.00228404
1.929,-0.00226012
1.93,-0.00223371
1.931,-0.00220475
1.932,-0.00217316
1.933,-0.00213889
1.934,-0.00210187
1.935,-0.00206203
1.936,-0.0020193
1.937,-0.00197361
1.938,-0.0019249
1.939,-0.00187308
1.94,-0.00181809
1.941,-0.00175986
1.942,-0.00169831
1.943,-0.00163336
1.944,-0.00156494
1.945,-0.00149296
1.946,-0.00141736
1.947,-0.00133805
1.948,-0.00125495
1.949,-0.00116797
1.95,-0.00107703
1.951,-0.000982053
1.952,-0.000882946
1.953,-0.000779623
1.954,-0.000671997
1.955,-0.000559977
1.956,-0.000443472
1.957,-0.000322391
1.958,-0.000196639
1.959,-6.61234e-05
1.96,6.92527e-05
1.961,0.000209587
1.962,0.000354976
1.963,0.000505522
1.964,0.000661325
1.965,0.000822486
1.966,0.000989112
1.967,0.00116131
1.968,0.00133917
1.969,0.00152282
1.97,0.00171237
1.971,0.00190791
1.972,0.00210958
1.973,0.00231747
1.974,0.0025317
1.975,0.0027524
1.976,0.00297967
1.977,0.00321364
1.978,0.00345443
1.979,0.00370216
1.98,0.00395696
1.981,0.00421895
1.982,0.00448826
1.983,0.00476501
1.984,0.00504935
1.985,0.00534139
1.986,0.00564128
1.987,0.00594915
1.988,0.00626513
1.989,0.00658937
1.99,0.006922
1.991,0.00726317
1.992,0.00761303
1.993,0.0079717
1.994,0.00833936
1.995,0.00871613
1.996,0.00910218
1.997,0.00949765
1.998,0.00990271
1.999,0.0103175
