0,0.1
0.4,0.144
0.8,0.197222
1.2,0.253321
1.6,0.302639
2,0.337678
2.4,0.357843
2.8,0.367666
3.2,0.37198
3.6,0.373778
4,0.374509
4.4,0.374803
4.8,0.374921
5.2,0.374968
5.6,0.374987
6,0.374995
6.4,0.374998
6.8,0.374999
7.2,0.375
7.6,0.375
8,0.375
8.4,0.375
8.8,0.375
9.2,0.375
9.6,0.375
10,0.375
10.4,0.375
10.8,0.375
11.2,0.375
11.6,0.375
12,0.375
12.4,0.375
12.8,0.375
13.2,0.375
13.6,0.375
14,0.375
14.4,0.375
14.8,0.375
15.2,0.375
15.6,0.375
16,0.375
16.4,0.375
16.8,0.375
17.2,0.375
17.6,0.375
18,0.375
18.4,0.375
18.8,0.375
19.2,0.375
19.6,0.375
20,0.375
20.4,0.375
20.8,0.375
21.2,0.375
21.6,0.375
22,0.375
22.4,0.375
22.8,0.375
23.2,0.375
23.6,0.375
24,0.375
24.4,0.375
24.8,0.375
25.2,0.375
25.6,0.375
26,0.375
26.4,0.375
26.8,0.375
27.2,0.375
27.6,0.375
28,0.375
28.4,0.375
28.8,0.375
29.2,0.375
29.6,0.375
30,0.375
30.4,0.375
30.8,0.375
31.2,0.375
31.6,0.375
32,0.375
32.4,0.375
32.8,0.375
33.2,0.375
33.6,0.375
34,0.375
34.4,0.375
34.8,0.375
35.2,0.375
35.6,0.375
36,0.375
36.4,0.375
36.8,0.375
37.2,0.375
37.6,0.375
38,0.375
38.4,0.375
38.8,0.375
39.2,0.375
39.6,0.375
40,0.375
