0,0.1
0.74,0.2664
1.48,0.578476
2.22,0.721771
2.96,0.59442
3.7,0.713611
4.44,0.604936
5.18,0.707406
5.92,0.612669
6.66,0.702425
7.4,0.618712
8.14,0.698286
8.88,0.62362
9.62,0.694765
10.36,0.627717
11.1,0.691718
11.84,0.631203
12.58,0.689046
13.32,0.634215
14.06,0.68668
14.8,0.636846
15.54,0.684569
16.28,0.639166
17.02,0.682673
17.76,0.641226
18.5,0.680963
19.24,0.643067
19.98,0.679414
20.72,0.644719
21.46,0.678007
22.2,0.646208
22.94,0.676725
23.68,0.647554
24.42,0.675554
25.16,0.648775
25.9,0.674483
26.64,0.649885
27.38,0.673502
28.12,0.650895
28.86,0.672603
29.6,0.651816
30.34,0.671777
31.08,0.652658
31.82,0.671019
32.56,0.653428
33.3,0.670322
34.04,0.654132
34.78,0.66968
35.52,0.654778
36.26,0.66909
37,0.655369
37.74,0.668547
38.48,0.655912
39.22,0.668046
39.96,0.656411
40.7,0.667585
41.44,0.656869
42.18,0.667161
42.92,0.657289
43.66,0.66677
44.4,0.657676
45.14,0.666409
45.88,0.658032
46.62,0.666077
47.36,0.658359
48.1,0.665771
48.84,0.658659
49.58,0.665489
50.32,0.658936
51.06,0.665228
51.8,0.659191
52.54,0.664989
53.28,0.659425
54.02,0.664768
54.76,0.659641
55.5,0.664564
56.24,0.65984
56.98,0.664376
57.72,0.660022
58.46,0.664203
59.2,0.660191
59.94,0.664043
60.68,0.660346
61.42,0.663896
62.16,0.660489
62.9,0.66376
63.64,0.66062
64.38,0.663635
65.12,0.660742
65.86,0.66352
66.6,0.660853
67.34,0.663414
68.08,0.660956
68.82,0.663316
69.56,0.661051
70.3,0.663225
71.04,0.661138
71.78,0.663142
72.52,0.661219
73.26,0.663065
74,0.661293
