0,0.1
0.77,0.2772
1.54,0.617109
2.31,0.727759
3.08,0.610227
3.85,0.732578
4.62,0.603395
5.39,0.737073
6.16,0.596893
6.93,0.741084
7.7,0.590986
8.47,0.744503
9.24,0.585873
10.01,0.747288
10.78,0.581654
11.55,0.749464
12.32,0.578324
13.09,0.751105
13.86,0.575794
14.63,0.752306
15.4,0.573932
16.17,0.753165
16.94,0.572595
17.71,0.753768
18.48,0.571653
19.25,0.754187
20.02,0.570999
20.79,0.754474
21.56,0.570548
22.33,0.754671
23.1,0.57024
23.87,0.754804
24.64,0.57003
25.41,0.754895
26.18,0.569888
26.95,0.754956
27.72,0.569792
28.49,0.754998
29.26,0.569727
30.03,0.755026
30.8,0.569683
31.57,0.755045
32.34,0.569653
33.11,0.755057
33.88,0.569633
34.65,0.755066
35.42,0.56962
36.19,0.755072
36.96,0.569611
37.73,0.755075
38.5,0.569604
39.27,0.755078
40.04,0.5696
40.81,0.75508
41.58,0.569598
42.35,0.755081
43.12,0.569596
43.89,0.755082
44.66,0.569594
45.43,0.755082
46.2,0.569594
46.97,0.755083
47.74,0.569593
48.51,0.755083
49.28,0.569593
50.05,0.755083
50.82,0.569592
51.59,0.755083
52.36,0.569592
53.13,0.755083
53.9,0.569592
54.67,0.755083
55.44,0.569592
56.21,0.755083
56.98,0.569592
57.75,0.755083
58.52,0.569592
59.29,0.755083
60.06,0.569592
60.83,0.755083
61.6,0.569592
62.37,0.755083
63.14,0.569592
63.91,0.755083
64.68,0.569592
65.45,0.755083
66.22,0.569592
66.99,0.755083
67.76,0.569592
68.53,0.755083
69.3,0.569592
70.07,0.755083
70.84,0.569592
71.61,0.755083
72.38,0.569592
73.15,0.755083
73.92,0.569592
74.69,0.755083
75.46,0.569592
76.23,0.755083
77,0.569592
