0.4001,0.375156
0.4002,0.375312
0.4003,0.375468
0.4004,0.375624
0.4005,0.37578
0.4006,0.375936
0.4007,0.376092
0.4008,0.376248
0.4009,0.376403
0.401,0.376559
0.4011,0.376714
0.4012,0.376869
0.4013,0.377025
0.4014,0.37718
0.4015,0.377335
0.4016,0.37749
0.4017,0.377645
0.4018,0.3778
0.4019,0.377955
0.402,0.378109
0.4021,0.378264
0.4022,0.378419
0.4023,0.378573
0.4024,0.378728
0.4025,0.378882
0.4026,0.379036
0.4027,0.37919
0.4028,0.379345
0.4029,0.379499
0.403,0.379653
0.4031,0.379806
0.4032,0.37996
0.4033,0.380114
0.4034,0.380268
0.4035,0.380421
0.4036,0.380575
0.4037,0.380728
0.4038,0.380882
0.4039,0.381035
0.404,0.381188
0.4041,0.381341
0.4042,0.381494
0.4043,0.381647
0.4044,0.3818
0.4045,0.381953
0.4046,0.382106
0.4047,0.382258
0.4048,0.382411
0.4049,0.382564
0.405,0.382716
0.4051,0.382868
0.4052,0.383021
0.4053,0.383173
0.4054,0.383325
0.4055,0.383477
0.4056,0.383629
0.4057,0.383781
0.4058,0.383933
0.4059,0.384085
0.406,0.384236
0.4061,0.384388
0.4062,0.38454
0.4063,0.384691
0.4064,0.384843
0.4065,0.384994
0.4066,0.385145
0.4067,0.385296
0.4068,0.385447
0.4069,0.385598
0.407,0.385749
0.4071,0.3859
0.4072,0.386051
0.4073,0.386202
0.4074,0.386352
0.4075,0.386503
0.4076,0.386654
0.4077,0.386804
0.4078,0.386954
0.4079,0.387105
0.408,0.387255
0.4081,0.387405
0.4082,0.387555
0.4083,0.387705
0.4084,0.387855
0.4085,0.388005
0.4086,0.388155
0.4087,0.388304
0.4088,0.388454
0.4089,0.388604
0.409,0.388753
0.4091,0.388902
0.4092,0.389052
0.4093,0.389201
0.4094,0.38935
0.4095,0.389499
0.4096,0.389648
0.4097,0.389797
0.4098,0.389946
0.4099,0.390095
0.41,0.390244
0.4101,0.390393
0.4102,0.390541
0.4103,0.39069
0.4104,0.390838
0.4105,0.390987
0.4106,0.391135
0.4107,0.391283
0.4108,0.391431
0.4109,0.391579
0.411,0.391727
0.4111,0.391875
0.4112,0.392023
0.4113,0.392171
0.4114,0.392319
0.4115,0.392467
0.4116,0.392614
0.4117,0.392762
0.4118,0.392909
0.4119,0.393057
0.412,0.393204
0.4121,0.393351
0.4122,0.393498
0.4123,0.393645
0.4124,0.393792
0.4125,0.393939
0.4126,0.394086
0.4127,0.394233
0.4128,0.39438
0.4129,0.394527
0.413,0.394673
0.4131,0.39482
0.4132,0.394966
0.4133,0.395113
0.4134,0.395259
0.4135,0.395405
0.4136,0.395551
0.4137,0.395697
0.4138,0.395843
0.4139,0.395989
0.414,0.396135
0.4141,0.396281
0.4142,0.396427
0.4143,0.396573
0.4144,0.396718
0.4145,0.396864
0.4146,0.397009
0.4147,0.397155
0.4148,0.3973
0.4149,0.397445
0.415,0.39759
0.4151,0.397735
0.4152,0.397881
0.4153,0.398026
0.4154,0.39817
0.4155,0.398315
0.4156,0.39846
0.4157,0.398605
0.4158,0.398749
0.4159,0.398894
0.416,0.399038
0.4161,0.399183
0.4162,0.399327
0.4163,0.399472
0.4164,0.399616
0.4165,0.39976
0.4166,0.399904
0.4167,0.400048
0.4168,0.400192
0.4169,0.400336
0.417,0.40048
0.4171,0.400623
0.4172,0.400767
0.4173,0.400911
0.4174,0.401054
0.4175,0.401198
0.4176,0.401341
0.4177,0.401484
0.4178,0.401628
0.4179,0.401771
0.418,0.401914
0.4181,0.402057
0.4182,0.4022
0.4183,0.402343
0.4184,0.402486
0.4185,0.402628
0.4186,0.402771
0.4187,0.402914
0.4188,0.403056
0.4189,0.403199
0.419,0.403341
0.4191,0.403484
0.4192,0.403626
0.4193,0.403768
0.4194,0.40391
0.4195,0.404052
0.4196,0.404194
0.4197,0.404336
0.4198,0.404478
0.4199,0.40462
0.42,0.404762
0.4201,0.404904
0.4202,0.405045
0.4203,0.405187
0.4204,0.405328
0.4205,0.40547
0.4206,0.405611
0.4207,0.405752
0.4208,0.405894
0.4209,0.406035
0.421,0.406176
0.4211,0.406317
0.4212,0.406458
0.4213,0.406599
0.4214,0.406739
0.4215,0.40688
0.4216,0.407021
0.4217,0.407161
0.4218,0.407302
0.4219,0.407443
0.422,0.407583
0.4221,0.407723
0.4222,0.407864
0.4223,0.408004
0.4224,0.408144
0.4225,0.408284
0.4226,0.408424
0.4227,0.408564
0.4228,0.408704
0.4229,0.408844
0.423,0.408983
0.4231,0.409123
0.4232,0.409263
0.4233,0.409402
0.4234,0.409542
0.4235,0.409681
0.4236,0.409821
0.4237,0.40996
0.4238,0.410099
0.4239,0.410238
0.424,0.410377
0.4241,0.410516
0.4242,0.410655
0.4243,0.410794
0.4244,0.410933
0.4245,0.411072
0.4246,0.411211
0.4247,0.411349
0.4248,0.411488
0.4249,0.411626
0.425,0.411765
0.4251,0.411903
0.4252,0.412041
0.4253,0.41218
0.4254,0.412318
0.4255,0.412456
0.4256,0.412594
0.4257,0.412732
0.4258,0.41287
0.4259,0.413008
0.426,0.413146
0.4261,0.413283
0.4262,0.413421
0.4263,0.413559
0.4264,0.413696
0.4265,0.413834
0.4266,0.413971
0.4267,0.414108
0.4268,0.414246
0.4269,0.414383
0.427,0.41452
0.4271,0.414657
0.4272,0.414794
0.4273,0.414931
0.4274,0.415068
0.4275,0.415205
0.4276,0.415341
0.4277,0.415478
0.4278,0.415615
0.4279,0.415751
0.428,0.415888
0.4281,0.416024
0.4282,0.416161
0.4283,0.416297
0.4284,0.416433
0.4285,0.416569
0.4286,0.416706
0.4287,0.416842
0.4288,0.416978
0.4289,0.417114
0.429,0.417249
0.4291,0.417385
0.4292,0.417521
0.4293,0.417657
0.4294,0.417792
0.4295,0.417928
0.4296,0.418063
0.4297,0.418199
0.4298,0.418334
0.4299,0.418469
0.43,0.418605
0.4301,0.41874
0.4302,0.418875
0.4303,0.41901
0.4304,0.419145
0.4305,0.41928
0.4306,0.419415
0.4307,0.41955
0.4308,0.419684
0.4309,0.419819
0.431,0.419954
0.4311,0.420088
0.4312,0.420223
0.4313,0.420357
0.4314,0.420491
0.4315,0.420626
0.4316,0.42076
0.4317,0.420894
0.4318,0.421028
0.4319,0.421162
0.432,0.421296
0.4321,0.42143
0.4322,0.421564
0.4323,0.421698
0.4324,0.421832
0.4325,0.421965
0.4326,0.422099
0.4327,0.422232
0.4328,0.422366
0.4329,0.422499
0.433,0.422633
0.4331,0.422766
0.4332,0.422899
0.4333,0.423033
0.4334,0.423166
0.4335,0.423299
0.4336,0.423432
0.4337,0.423565
0.4338,0.423698
0.4339,0.42383
0.434,0.423963
0.4341,0.424096
0.4342,0.424228
0.4343,0.424361
0.4344,0.424494
0.4345,0.424626
0.4346,0.424758
0.4347,0.424891
0.4348,0.425023
0.4349,0.425155
0.435,0.425287
0.4351,0.425419
0.4352,0.425551
0.4353,0.425683
0.4354,0.425815
0.4355,0.425947
0.4356,0.426079
0.4357,0.426211
0.4358,0.426342
0.4359,0.426474
0.436,0.426606
0.4361,0.426737
0.4362,0.426868
0.4363,0.427
0.4364,0.427131
0.4365,0.427262
0.4366,0.427393
0.4367,0.427525
0.4368,0.427656
0.4369,0.427787
0.437,0.427918
0.4371,0.428049
0.4372,0.428179
0.4373,0.42831
0.4374,0.428441
0.4375,0.428571
0.4376,0.428702
0.4377,0.428833
0.4378,0.428963
0.4379,0.429093
0.438,0.429224
0.4381,0.429354
0.4382,0.429484
0.4383,0.429614
0.4384,0.429745
0.4385,0.429875
0.4386,0.430005
0.4387,0.430134
0.4388,0.430264
0.4389,0.430394
0.439,0.430524
0.4391,0.430654
0.4392,0.430783
0.4393,0.430913
0.4394,0.431042
0.4395,0.431172
0.4396,0.431301
0.4397,0.431431
0.4398,0.43156
0.4399,0.431689
0.44,0.431818
0.4401,0.431947
0.4402,0.432076
0.4403,0.432205
0.4404,0.432334
0.4405,0.432463
0.4406,0.432592
0.4407,0.432721
0.4408,0.432849
0.4409,0.432978
0.441,0.433107
0.4411,0.433235
0.4412,0.433364
0.4413,0.433492
0.4414,0.43362
0.4415,0.433749
0.4416,0.433877
0.4417,0.434005
0.4418,0.434133
0.4419,0.434261
0.442,0.434389
0.4421,0.434517
0.4422,0.434645
0.4423,0.434773
0.4424,0.434901
0.4425,0.435028
0.4426,0.435156
0.4427,0.435283
0.4428,0.435411
0.4429,0.435538
0.443,0.435666
0.4431,0.435793
0.4432,0.435921
0.4433,0.436048
0.4434,0.436175
0.4435,0.436302
0.4436,0.436429
0.4437,0.436556
0.4438,0.436683
0.4439,0.43681
0.444,0.436937
0.4441,0.437064
0.4442,0.43719
0.4443,0.437317
0.4444,0.437444
0.4445,0.43757
0.4446,0.437697
0.4447,0.437823
0.4448,0.43795
0.4449,0.438076
0.445,0.438202
0.4451,0.438328
0.4452,0.438455
0.4453,0.438581
0.4454,0.438707
0.4455,0.438833
0.4456,0.438959
0.4457,0.439085
0.4458,0.43921
0.4459,0.439336
0.446,0.439462
0.4461,0.439588
0.4462,0.439713
0.4463,0.439839
0.4464,0.439964
0.4465,0.44009
0.4466,0.440215
0.4467,0.44034
0.4468,0.440466
0.4469,0.440591
0.447,0.440716
0.4471,0.440841
0.4472,0.440966
0.4473,0.441091
0.4474,0.441216
0.4475,0.441341
0.4476,0.441466
0.4477,0.44159
0.4478,0.441715
0.4479,0.44184
0.448,0.441964
0.4481,0.442089
0.4482,0.442213
0.4483,0.442338
0.4484,0.442462
0.4485,0.442586
0.4486,0.442711
0.4487,0.442835
0.4488,0.442959
0.4489,0.443083
0.449,0.443207
0.4491,0.443331
0.4492,0.443455
0.4493,0.443579
0.4494,0.443703
0.4495,0.443826
0.4496,0.44395
0.4497,0.444074
0.4498,0.444197
0.4499,0.444321
0.45,0.444444
0.4501,0.444568
0.4502,0.444691
0.4503,0.444815
0.4504,0.444938
0.4505,0.445061
0.4506,0.445184
0.4507,0.445307
0.4508,0.44543
0.4509,0.445553
0.451,0.445676
0.4511,0.445799
0.4512,0.445922
0.4513,0.446045
0.4514,0.446167
0.4515,0.44629
0.4516,0.446413
0.4517,0.446535
0.4518,0.446658
0.4519,0.44678
0.452,0.446903
0.4521,0.447025
0.4522,0.447147
0.4523,0.44727
0.4524,0.447392
0.4525,0.447514
0.4526,0.447636
0.4527,0.447758
0.4528,0.44788
0.4529,0.448002
0.453,0.448124
0.4531,0.448245
0.4532,0.448367
0.4533,0.448489
0.4534,0.44861
0.4535,0.448732
0.4536,0.448854
0.4537,0.448975
0.4538,0.449097
0.4539,0.449218
0.454,0.449339
0.4541,0.44946
0.4542,0.449582
0.4543,0.449703
0.4544,0.449824
0.4545,0.449945
0.4546,0.450066
0.4547,0.450187
0.4548,0.450308
0.4549,0.450429
0.455,0.450549
0.4551,0.45067
0.4552,0.450791
0.4553,0.450911
0.4554,0.451032
0.4555,0.451153
0.4556,0.451273
0.4557,0.451393
0.4558,0.451514
0.4559,0.451634
0.456,0.451754
0.4561,0.451875
0.4562,0.451995
0.4563,0.452115
0.4564,0.452235
0.4565,0.452355
0.4566,0.452475
0.4567,0.452595
0.4568,0.452715
0.4569,0.452834
0.457,0.452954
0.4571,0.453074
0.4572,0.453193
0.4573,0.453313
0.4574,0.453432
0.4575,0.453552
0.4576,0.453671
0.4577,0.453791
0.4578,0.45391
0.4579,0.454029
0.458,0.454148
0.4581,0.454268
0.4582,0.454387
0.4583,0.454506
0.4584,0.454625
0.4585,0.454744
0.4586,0.454863
0.4587,0.454981
0.4588,0.4551
0.4589,0.455219
0.459,0.455338
0.4591,0.455456
0.4592,0.455575
0.4593,0.455693
0.4594,0.455812
0.4595,0.45593
0.4596,0.456049
0.4597,0.456167
0.4598,0.456285
0.4599,0.456404
0.46,0.456522
0.4601,0.45664
0.4602,0.456758
0.4603,0.456876
0.4604,0.456994
0.4605,0.457112
0.4606,0.45723
0.4607,0.457348
0.4608,0.457465
0.4609,0.457583
0.461,0.457701
0.4611,0.457818
0.4612,0.457936
0.4613,0.458053
0.4614,0.458171
0.4615,0.458288
0.4616,0.458406
0.4617,0.458523
0.4618,0.45864
0.4619,0.458757
0.462,0.458874
0.4621,0.458992
0.4622,0.459109
0.4623,0.459226
0.4624,0.459343
0.4625,0.459459
0.4626,0.459576
0.4627,0.459693
0.4628,0.45981
0.4629,0.459927
0.463,0.460043
0.4631,0.46016
0.4632,0.460276
0.4633,0.460393
0.4634,0.460509
0.4635,0.460626
0.4636,0.460742
0.4637,0.460858
0.4638,0.460975
0.4639,0.461091
0.464,0.461207
0.4641,0.461323
0.4642,0.461439
0.4643,0.461555
0.4644,0.461671
0.4645,0.461787
0.4646,0.461903
0.4647,0.462019
0.4648,0.462134
0.4649,0.46225
0.465,0.462366
0.4651,0.462481
0.4652,0.462597
0.4653,0.462712
0.4654,0.462828
0.4655,0.462943
0.4656,0.463058
0.4657,0.463174
0.4658,0.463289
0.4659,0.463404
0.466,0.463519
0.4661,0.463634
0.4662,0.463749
0.4663,0.463864
0.4664,0.463979
0.4665,0.464094
0.4666,0.464209
0.4667,0.464324
0.4668,0.464439
0.4669,0.464553
0.467,0.464668
0.4671,0.464783
0.4672,0.464897
0.4673,0.465012
0.4674,0.465126
0.4675,0.465241
0.4676,0.465355
0.4677,0.465469
0.4678,0.465584
0.4679,0.465698
0.468,0.465812
0.4681,0.465926
0.4682,0.46604
0.4683,0.466154
0.4684,0.466268
0.4685,0.466382
0.4686,0.466496
0.4687,0.46661
0.4688,0.466724
0.4689,0.466837
0.469,0.466951
0.4691,0.467065
0.4692,0.467178
0.4693,0.467292
0.4694,0.467405
0.4695,0.467519
0.4696,0.467632
0.4697,0.467745
0.4698,0.467859
0.4699,0.467972
0.47,0.468085
0.4701,0.468198
0.4702,0.468311
0.4703,0.468424
0.4704,0.468537
0.4705,0.46865
0.4706,0.468763
0.4707,0.468876
0.4708,0.468989
0.4709,0.469102
0.471,0.469214
0.4711,0.469327
0.4712,0.46944
0.4713,0.469552
0.4714,0.469665
0.4715,0.469777
0.4716,0.46989
0.4717,0.470002
0.4718,0.470114
0.4719,0.470227
0.472,0.470339
0.4721,0.470451
0.4722,0.470563
0.4723,0.470675
0.4724,0.470787
0.4725,0.470899
0.4726,0.471011
0.4727,0.471123
0.4728,0.471235
0.4729,0.471347
0.473,0.471459
0.4731,0.47157
0.4732,0.471682
0.4733,0.471794
0.4734,0.471905
0.4735,0.472017
0.4736,0.472128
0.4737,0.47224
0.4738,0.472351
0.4739,0.472463
0.474,0.472574
0.4741,0.472685
0.4742,0.472796
0.4743,0.472907
0.4744,0.473019
0.4745,0.47313
0.4746,0.473241
0.4747,0.473352
0.4748,0.473463
0.4749,0.473573
0.475,0.473684
0.4751,0.473795
0.4752,0.473906
0.4753,0.474016
0.4754,0.474127
0.4755,0.474238
0.4756,0.474348
0.4757,0.474459
0.4758,0.474569
0.4759,0.47468
0.476,0.47479
0.4761,0.4749
0.4762,0.47501
0.4763,0.475121
0.4764,0.475231
0.4765,0.475341
0.4766,0.475451
0.4767,0.475561
0.4768,0.475671
0.4769,0.475781
0.477,0.475891
0.4771,0.476001
0.4772,0.476111
0.4773,0.47622
0.4774,0.47633
0.4775,0.47644
0.4776,0.476549
0.4777,0.476659
0.4778,0.476769
0.4779,0.476878
0.478,0.476987
0.4781,0.477097
0.4782,0.477206
0.4783,0.477315
0.4784,0.477425
0.4785,0.477534
0.4786,0.477643
0.4787,0.477752
0.4788,0.477861
0.4789,0.47797
0.479,0.478079
0.4791,0.478188
0.4792,0.478297
0.4793,0.478406
0.4794,0.478515
0.4795,0.478624
0.4796,0.478732
0.4797,0.478841
0.4798,0.47895
0.4799,0.479058
0.48,0.479167
0.4801,0.479275
0.4802,0.479384
0.4803,0.479492
0.4804,0.4796
0.4805,0.479709
0.4806,0.479817
0.4807,0.479925
0.4808,0.480033
0.4809,0.480141
0.481,0.480249
0.4811,0.480358
0.4812,0.480466
0.4813,0.480573
0.4814,0.480681
0.4815,0.480789
0.4816,0.480897
0.4817,0.481005
0.4818,0.481112
0.4819,0.48122
0.482,0.481328
0.4821,0.481435
0.4822,0.481543
0.4823,0.48165
0.4824,0.481758
0.4825,0.481865
0.4826,0.481973
0.4827,0.48208
0.4828,0.482187
0.4829,0.482294
0.483,0.482402
0.4831,0.482509
0.4832,0.482616
0.4833,0.482723
0.4834,0.48283
0.4835,0.482937
0.4836,0.483044
0.4837,0.483151
0.4838,0.483258
0.4839,0.483364
0.484,0.483471
0.4841,0.483578
0.4842,0.483684
0.4843,0.483791
0.4844,0.483898
0.4845,0.484004
0.4846,0.484111
0.4847,0.484217
0.4848,0.484323
0.4849,0.48443
0.485,0.484536
0.4851,0.484642
0.4852,0.484749
0.4853,0.484855
0.4854,0.484961
0.4855,0.485067
0.4856,0.485173
0.4857,0.485279
0.4858,0.485385
0.4859,0.485491
0.486,0.485597
0.4861,0.485703
0.4862,0.485808
0.4863,0.485914
0.4864,0.48602
0.4865,0.486125
0.4866,0.486231
0.4867,0.486337
0.4868,0.486442
0.4869,0.486548
0.487,0.486653
0.4871,0.486758
0.4872,0.486864
0.4873,0.486969
0.4874,0.487074
0.4875,0.487179
0.4876,0.487285
0.4877,0.48739
0.4878,0.487495
0.4879,0.4876
0.488,0.487705
0.4881,0.48781
0.4882,0.487915
0.4883,0.48802
0.4884,0.488124
0.4885,0.488229
0.4886,0.488334
0.4887,0.488439
0.4888,0.488543
0.4889,0.488648
0.489,0.488753
0.4891,0.488857
0.4892,0.488962
0.4893,0.489066
0.4894,0.48917
0.4895,0.489275
0.4896,0.489379
0.4897,0.489483
0.4898,0.489588
0.4899,0.489692
0.49,0.489796
0.4901,0.4899
0.4902,0.490004
0.4903,0.490108
0.4904,0.490212
0.4905,0.490316
0.4906,0.49042
0.4907,0.490524
0.4908,0.490628
0.4909,0.490731
0.491,0.490835
0.4911,0.490939
0.4912,0.491042
0.4913,0.491146
0.4914,0.491249
0.4915,0.491353
0.4916,0.491456
0.4917,0.49156
0.4918,0.491663
0.4919,0.491767
0.492,0.49187
0.4921,0.491973
0.4922,0.492076
0.4923,0.49218
0.4924,0.492283
0.4925,0.492386
0.4926,0.492489
0.4927,0.492592
0.4928,0.492695
0.4929,0.492798
0.493,0.492901
0.4931,0.493003
0.4932,0.493106
0.4933,0.493209
0.4934,0.493312
0.4935,0.493414
0.4936,0.493517
0.4937,0.49362
0.4938,0.493722
0.4939,0.493825
0.494,0.493927
0.4941,0.49403
0.4942,0.494132
0.4943,0.494234
0.4944,0.494337
0.4945,0.494439
0.4946,0.494541
0.4947,0.494643
0.4948,0.494745
0.4949,0.494847
0.495,0.494949
0.4951,0.495052
0.4952,0.495153
0.4953,0.495255
0.4954,0.495357
0.4955,0.495459
0.4956,0.495561
0.4957,0.495663
0.4958,0.495764
0.4959,0.495866
0.496,0.495968
0.4961,0.496069
0.4962,0.496171
0.4963,0.496272
0.4964,0.496374
0.4965,0.496475
0.4966,0.496577
0.4967,0.496678
0.4968,0.496779
0.4969,0.496881
0.497,0.496982
0.4971,0.497083
0.4972,0.497184
0.4973,0.497285
0.4974,0.497386
0.4975,0.497487
0.4976,0.497588
0.4977,0.497689
0.4978,0.49779
0.4979,0.497891
0.498,0.497992
0.4981,0.498093
0.4982,0.498193
0.4983,0.498294
0.4984,0.498395
0.4985,0.498495
0.4986,0.498596
0.4987,0.498697
0.4988,0.498797
0.4989,0.498898
0.499,0.498998
0.4991,0.499098
0.4992,0.499199
0.4993,0.499299
0.4994,0.499399
0.4995,0.499499
0.4996,0.4996
0.4997,0.4997
0.4998,0.4998
0.4999,0.4999
0.5,0.5
0.5001,0.5001
0.5002,0.5002
0.5003,0.5003
0.5004,0.5004
0.5005,0.5005
0.5006,0.500599
0.5007,0.500699
0.5008,0.500799
0.5009,0.500898
0.501,0.500998
0.5011,0.501098
0.5012,0.501197
0.5013,0.501297
0.5014,0.501396
0.5015,0.501496
0.5016,0.501595
0.5017,0.501694
0.5018,0.501794
0.5019,0.501893
0.502,0.501992
0.5021,0.502091
0.5022,0.50219
0.5023,0.502289
0.5024,0.502389
0.5025,0.502488
0.5026,0.502587
0.5027,0.502685
0.5028,0.502784
0.5029,0.502883
0.503,0.502982
0.5031,0.503081
0.5032,0.50318
0.5033,0.503278
0.5034,0.503377
0.5035,0.503476
0.5036,0.503574
0.5037,0.503673
0.5038,0.503771
0.5039,0.50387
0.504,0.503968
0.5041,0.504067
0.5042,0.504165
0.5043,0.504263
0.5044,0.504362
0.5045,0.50446
0.5046,0.504558
0.5047,0.504656
0.5048,0.504754
0.5049,0.504852
0.505,0.50495
0.5051,0.505049
0.5052,0.505146
0.5053,0.505244
0.5054,0.505342
0.5055,0.50544
0.5056,0.505538
0.5057,0.505636
0.5058,0.505733
0.5059,0.505831
0.506,0.505929
0.5061,0.506026
0.5062,0.506124
0.5063,0.506222
0.5064,0.506319
0.5065,0.506417
0.5066,0.506514
0.5067,0.506611
0.5068,0.506709
0.5069,0.506806
0.507,0.506903
0.5071,0.507001
0.5072,0.507098
0.5073,0.507195
0.5074,0.507292
0.5075,0.507389
0.5076,0.507486
0.5077,0.507583
0.5078,0.50768
0.5079,0.507777
0.508,0.507874
0.5081,0.507971
0.5082,0.508068
0.5083,0.508164
0.5084,0.508261
0.5085,0.508358
0.5086,0.508455
0.5087,0.508551
0.5088,0.508648
0.5089,0.508744
0.509,0.508841
0.5091,0.508937
0.5092,0.509034
0.5093,0.50913
0.5094,0.509227
0.5095,0.509323
0.5096,0.509419
0.5097,0.509515
0.5098,0.509612
0.5099,0.509708
0.51,0.509804
0.5101,0.5099
0.5102,0.509996
0.5103,0.510092
0.5104,0.510188
0.5105,0.510284
0.5106,0.51038
0.5107,0.510476
0.5108,0.510572
0.5109,0.510667
0.511,0.510763
0.5111,0.510859
0.5112,0.510955
0.5113,0.51105
0.5114,0.511146
0.5115,0.511241
0.5116,0.511337
0.5117,0.511432
0.5118,0.511528
0.5119,0.511623
0.512,0.511719
0.5121,0.511814
0.5122,0.511909
0.5123,0.512005
0.5124,0.5121
0.5125,0.512195
0.5126,0.51229
0.5127,0.512385
0.5128,0.51248
0.5129,0.512576
0.513,0.512671
0.5131,0.512766
0.5132,0.51286
0.5133,0.512955
0.5134,0.51305
0.5135,0.513145
0.5136,0.51324
0.5137,0.513335
0.5138,0.513429
0.5139,0.513524
0.514,0.513619
0.5141,0.513713
0.5142,0.513808
0.5143,0.513902
0.5144,0.513997
0.5145,0.514091
0.5146,0.514186
0.5147,0.51428
0.5148,0.514375
0.5149,0.514469
0.515,0.514563
0.5151,0.514657
0.5152,0.514752
0.5153,0.514846
0.5154,0.51494
0.5155,0.515034
0.5156,0.515128
0.5157,0.515222
0.5158,0.515316
0.5159,0.51541
0.516,0.515504
0.5161,0.515598
0.5162,0.515692
0.5163,0.515785
0.5164,0.515879
0.5165,0.515973
0.5166,0.516067
0.5167,0.51616
0.5168,0.516254
0.5169,0.516347
0.517,0.516441
0.5171,0.516535
0.5172,0.516628
0.5173,0.516721
0.5174,0.516815
0.5175,0.516908
0.5176,0.517002
0.5177,0.517095
0.5178,0.517188
0.5179,0.517281
0.518,0.517375
0.5181,0.517468
0.5182,0.517561
0.5183,0.517654
0.5184,0.517747
0.5185,0.51784
0.5186,0.517933
0.5187,0.518026
0.5188,0.518119
0.5189,0.518212
0.519,0.518304
0.5191,0.518397
0.5192,0.51849
0.5193,0.518583
0.5194,0.518675
0.5195,0.518768
0.5196,0.518861
0.5197,0.518953
0.5198,0.519046
0.5199,0.519138
0.52,0.519231
0.5201,0.519323
0.5202,0.519416
0.5203,0.519508
0.5204,0.5196
0.5205,0.519693
0.5206,0.519785
0.5207,0.519877
0.5208,0.519969
0.5209,0.520061
0.521,0.520154
0.5211,0.520246
0.5212,0.520338
0.5213,0.52043
0.5214,0.520522
0.5215,0.520614
0.5216,0.520706
0.5217,0.520797
0.5218,0.520889
0.5219,0.520981
0.522,0.521073
0.5221,0.521165
0.5222,0.521256
0.5223,0.521348
0.5224,0.52144
0.5225,0.521531
0.5226,0.521623
0.5227,0.521714
0.5228,0.521806
0.5229,0.521897
0.523,0.521989
0.5231,0.52208
0.5232,0.522171
0.5233,0.522263
0.5234,0.522354
0.5235,0.522445
0.5236,0.522536
0.5237,0.522627
0.5238,0.522719
0.5239,0.52281
0.524,0.522901
0.5241,0.522992
0.5242,0.523083
0.5243,0.523174
0.5244,0.523265
0.5245,0.523356
0.5246,0.523446
0.5247,0.523537
0.5248,0.523628
0.5249,0.523719
0.525,0.52381
0.5251,0.5239
0.5252,0.523991
0.5253,0.524081
0.5254,0.524172
0.5255,0.524263
0.5256,0.524353
0.5257,0.524444
0.5258,0.524534
0.5259,0.524624
0.526,0.524715
0.5261,0.524805
0.5262,0.524895
0.5263,0.524986
0.5264,0.525076
0.5265,0.525166
0.5266,0.525256
0.5267,0.525346
0.5268,0.525437
0.5269,0.525527
0.527,0.525617
0.5271,0.525707
0.5272,0.525797
0.5273,0.525887
0.5274,0.525976
0.5275,0.526066
0.5276,0.526156
0.5277,0.526246
0.5278,0.526336
0.5279,0.526425
0.528,0.526515
0.5281,0.526605
0.5282,0.526694
0.5283,0.526784
0.5284,0.526874
0.5285,0.526963
0.5286,0.527053
0.5287,0.527142
0.5288,0.527231
0.5289,0.527321
0.529,0.52741
0.5291,0.5275
0.5292,0.527589
0.5293,0.527678
0.5294,0.527767
0.5295,0.527856
0.5296,0.527946
0.5297,0.528035
0.5298,0.528124
0.5299,0.528213
0.53,0.528302
0.5301,0.528391
0.5302,0.52848
0.5303,0.528569
0.5304,0.528658
0.5305,0.528746
0.5306,0.528835
0.5307,0.528924
0.5308,0.529013
0.5309,0.529102
0.531,0.52919
0.5311,0.529279
0.5312,0.529367
0.5313,0.529456
0.5314,0.529545
0.5315,0.529633
0.5316,0.529722
0.5317,0.52981
0.5318,0.529898
0.5319,0.529987
0.532,0.530075
0.5321,0.530164
0.5322,0.530252
0.5323,0.53034
0.5324,0.530428
0.5325,0.530516
0.5326,0.530605
0.5327,0.530693
0.5328,0.530781
0.5329,0.530869
0.533,0.530957
0.5331,0.531045
0.5332,0.531133
0.5333,0.531221
0.5334,0.531309
0.5335,0.531396
0.5336,0.531484
0.5337,0.531572
0.5338,0.53166
0.5339,0.531748
0.534,0.531835
0.5341,0.531923
0.5342,0.53201
0.5343,0.532098
0.5344,0.532186
0.5345,0.532273
0.5346,0.532361
0.5347,0.532448
0.5348,0.532536
0.5349,0.532623
0.535,0.53271
0.5351,0.532798
0.5352,0.532885
0.5353,0.532972
0.5354,0.533059
0.5355,0.533147
0.5356,0.533234
0.5357,0.533321
0.5358,0.533408
0.5359,0.533495
0.536,0.533582
0.5361,0.533669
0.5362,0.533756
0.5363,0.533843
0.5364,0.53393
0.5365,0.534017
0.5366,0.534104
0.5367,0.53419
0.5368,0.534277
0.5369,0.534364
0.537,0.534451
0.5371,0.534537
0.5372,0.534624
0.5373,0.534711
0.5374,0.534797
0.5375,0.534884
0.5376,0.53497
0.5377,0.535057
0.5378,0.535143
0.5379,0.53523
0.538,0.535316
0.5381,0.535402
0.5382,0.535489
0.5383,0.535575
0.5384,0.535661
0.5385,0.535747
0.5386,0.535834
0.5387,0.53592
0.5388,0.536006
0.5389,0.536092
0.539,0.536178
0.5391,0.536264
0.5392,0.53635
0.5393,0.536436
0.5394,0.536522
0.5395,0.536608
0.5396,0.536694
0.5397,0.53678
0.5398,0.536866
0.5399,0.536951
0.54,0.537037
0.5401,0.537123
0.5402,0.537208
0.5403,0.537294
0.5404,0.53738
0.5405,0.537465
0.5406,0.537551
0.5407,0.537636
0.5408,0.537722
0.5409,0.537807
0.541,0.537893
0.5411,0.537978
0.5412,0.538064
0.5413,0.538149
0.5414,0.538234
0.5415,0.538319
0.5416,0.538405
0.5417,0.53849
0.5418,0.538575
0.5419,0.53866
0.542,0.538745
0.5421,0.53883
0.5422,0.538916
0.5423,0.539001
0.5424,0.539086
0.5425,0.539171
0.5426,0.539255
0.5427,0.53934
0.5428,0.539425
0.5429,0.53951
0.543,0.539595
0.5431,0.53968
0.5432,0.539764
0.5433,0.539849
0.5434,0.539934
0.5435,0.540018
0.5436,0.540103
0.5437,0.540188
0.5438,0.540272
0.5439,0.540357
0.544,0.540441
0.5441,0.540526
0.5442,0.54061
0.5443,0.540694
0.5444,0.540779
0.5445,0.540863
0.5446,0.540947
0.5447,0.541032
0.5448,0.541116
0.5449,0.5412
0.545,0.541284
0.5451,0.541369
0.5452,0.541453
0.5453,0.541537
0.5454,0.541621
0.5455,0.541705
0.5456,0.541789
0.5457,0.541873
0.5458,0.541957
0.5459,0.542041
0.546,0.542125
0.5461,0.542208
0.5462,0.542292
0.5463,0.542376
0.5464,0.54246
0.5465,0.542543
0.5466,0.542627
0.5467,0.542711
0.5468,0.542794
0.5469,0.542878
0.547,0.542962
0.5471,0.543045
0.5472,0.543129
0.5473,0.543212
0.5474,0.543296
0.5475,0.543379
0.5476,0.543462
0.5477,0.543546
0.5478,0.543629
0.5479,0.543712
0.548,0.543796
0.5481,0.543879
0.5482,0.543962
0.5483,0.544045
0.5484,0.544128
0.5485,0.544211
0.5486,0.544295
0.5487,0.544378
0.5488,0.544461
0.5489,0.544544
0.549,0.544627
0.5491,0.54471
0.5492,0.544792
0.5493,0.544875
0.5494,0.544958
0.5495,0.545041
0.5496,0.545124
0.5497,0.545206
0.5498,0.545289
0.5499,0.545372
0.55,0.545455
0.5501,0.545537
0.5502,0.54562
0.5503,0.545702
0.5504,0.545785
0.5505,0.545867
0.5506,0.54595
0.5507,0.546032
0.5508,0.546115
0.5509,0.546197
0.551,0.546279
0.5511,0.546362
0.5512,0.546444
0.5513,0.546526
0.5514,0.546609
0.5515,0.546691
0.5516,0.546773
0.5517,0.546855
0.5518,0.546937
0.5519,0.547019
0.552,0.547101
0.5521,0.547183
0.5522,0.547265
0.5523,0.547347
0.5524,0.547429
0.5525,0.547511
0.5526,0.547593
0.5527,0.547675
0.5528,0.547757
0.5529,0.547839
0.553,0.54792
0.5531,0.548002
0.5532,0.548084
0.5533,0.548166
0.5534,0.548247
0.5535,0.548329
0.5536,0.54841
0.5537,0.548492
0.5538,0.548573
0.5539,0.548655
0.554,0.548736
0.5541,0.548818
0.5542,0.548899
0.5543,0.548981
0.5544,0.549062
0.5545,0.549143
0.5546,0.549225
0.5547,0.549306
0.5548,0.549387
0.5549,0.549468
0.555,0.54955
0.5551,0.549631
0.5552,0.549712
0.5553,0.549793
0.5554,0.549874
0.5555,0.549955
0.5556,0.550036
0.5557,0.550117
0.5558,0.550198
0.5559,0.550279
0.556,0.55036
0.5561,0.550441
0.5562,0.550521
0.5563,0.550602
0.5564,0.550683
0.5565,0.550764
0.5566,0.550844
0.5567,0.550925
0.5568,0.551006
0.5569,0.551086
0.557,0.551167
0.5571,0.551248
0.5572,0.551328
0.5573,0.551409
0.5574,0.551489
0.5575,0.55157
0.5576,0.55165
0.5577,0.55173
0.5578,0.551811
0.5579,0.551891
0.558,0.551971
0.5581,0.552052
0.5582,0.552132
0.5583,0.552212
0.5584,0.552292
0.5585,0.552372
0.5586,0.552453
0.5587,0.552533
0.5588,0.552613
0.5589,0.552693
0.559,0.552773
0.5591,0.552853
0.5592,0.552933
0.5593,0.553013
0.5594,0.553093
0.5595,0.553172
0.5596,0.553252
0.5597,0.553332
0.5598,0.553412
0.5599,0.553492
0.56,0.553571
0.5601,0.553651
0.5602,0.553731
0.5603,0.55381
0.5604,0.55389
0.5605,0.55397
0.5606,0.554049
0.5607,0.554129
0.5608,0.554208
0.5609,0.554288
0.561,0.554367
0.5611,0.554447
0.5612,0.554526
0.5613,0.554605
0.5614,0.554685
0.5615,0.554764
0.5616,0.554843
0.5617,0.554923
0.5618,0.555002
0.5619,0.555081
0.562,0.55516
0.5621,0.555239
0.5622,0.555318
0.5623,0.555397
0.5624,0.555477
0.5625,0.555556
0.5626,0.555635
0.5627,0.555714
0.5628,0.555792
0.5629,0.555871
0.563,0.55595
0.5631,0.556029
0.5632,0.556108
0.5633,0.556187
0.5634,0.556266
0.5635,0.556344
0.5636,0.556423
0.5637,0.556502
0.5638,0.55658
0.5639,0.556659
0.564,0.556738
0.5641,0.556816
0.5642,0.556895
0.5643,0.556973
0.5644,0.557052
0.5645,0.55713
0.5646,0.557209
0.5647,0.557287
0.5648,0.557365
0.5649,0.557444
0.565,0.557522
0.5651,0.5576
0.5652,0.557679
0.5653,0.557757
0.5654,0.557835
0.5655,0.557913
0.5656,0.557992
0.5657,0.55807
0.5658,0.558148
0.5659,0.558226
0.566,0.558304
0.5661,0.558382
0.5662,0.55846
0.5663,0.558538
0.5664,0.558616
0.5665,0.558694
0.5666,0.558772
0.5667,0.558849
0.5668,0.558927
0.5669,0.559005
0.567,0.559083
0.5671,0.559161
0.5672,0.559238
0.5673,0.559316
0.5674,0.559394
0.5675,0.559471
0.5676,0.559549
0.5677,0.559627
0.5678,0.559704
0.5679,0.559782
0.568,0.559859
0.5681,0.559937
0.5682,0.560014
0.5683,0.560092
0.5684,0.560169
0.5685,0.560246
0.5686,0.560324
0.5687,0.560401
0.5688,0.560478
0.5689,0.560555
0.569,0.560633
0.5691,0.56071
0.5692,0.560787
0.5693,0.560864
0.5694,0.560941
0.5695,0.561018
0.5696,0.561096
0.5697,0.561173
0.5698,0.56125
0.5699,0.561327
0.57,0.561404
0.5701,0.56148
0.5702,0.561557
0.5703,0.561634
0.5704,0.561711
0.5705,0.561788
0.5706,0.561865
0.5707,0.561941
0.5708,0.562018
0.5709,0.562095
0.571,0.562172
0.5711,0.562248
0.5712,0.562325
0.5713,0.562402
0.5714,0.562478
0.5715,0.562555
0.5716,0.562631
0.5717,0.562708
0.5718,0.562784
0.5719,0.562861
0.572,0.562937
0.5721,0.563013
0.5722,0.56309
0.5723,0.563166
0.5724,0.563242
0.5725,0.563319
0.5726,0.563395
0.5727,0.563471
0.5728,0.563547
0.5729,0.563624
0.573,0.5637
0.5731,0.563776
0.5732,0.563852
0.5733,0.563928
0.5734,0.564004
0.5735,0.56408
0.5736,0.564156
0.5737,0.564232
0.5738,0.564308
0.5739,0.564384
0.574,0.56446
0.5741,0.564536
0.5742,0.564612
0.5743,0.564687
0.5744,0.564763
0.5745,0.564839
0.5746,0.564915
0.5747,0.56499
0.5748,0.565066
0.5749,0.565142
0.575,0.565217
0.5751,0.565293
0.5752,0.565369
0.5753,0.565444
0.5754,0.56552
0.5755,0.565595
0.5756,0.565671
0.5757,0.565746
0.5758,0.565821
0.5759,0.565897
0.576,0.565972
0.5761,0.566048
0.5762,0.566123
0.5763,0.566198
0.5764,0.566273
0.5765,0.566349
0.5766,0.566424
0.5767,0.566499
0.5768,0.566574
0.5769,0.566649
0.577,0.566724
0.5771,0.5668
0.5772,0.566875
0.5773,0.56695
0.5774,0.567025
0.5775,0.5671
0.5776,0.567175
0.5777,0.567249
0.5778,0.567324
0.5779,0.567399
0.578,0.567474
0.5781,0.567549
0.5782,0.567624
0.5783,0.567698
0.5784,0.567773
0.5785,0.567848
0.5786,0.567923
0.5787,0.567997
0.5788,0.568072
0.5789,0.568146
0.579,0.568221
0.5791,0.568296
0.5792,0.56837
0.5793,0.568445
0.5794,0.568519
0.5795,0.568594
0.5796,0.568668
0.5797,0.568742
0.5798,0.568817
0.5799,0.568891
0.58,0.568966
0.5801,0.56904
0.5802,0.569114
0.5803,0.569188
0.5804,0.569263
0.5805,0.569337
0.5806,0.569411
0.5807,0.569485
0.5808,0.569559
0.5809,0.569633
0.581,0.569707
0.5811,0.569781
0.5812,0.569855
0.5813,0.569929
0.5814,0.570003
0.5815,0.570077
0.5816,0.570151
0.5817,0.570225
0.5818,0.570299
0.5819,0.570373
0.582,0.570447
0.5821,0.570521
0.5822,0.570594
0.5823,0.570668
0.5824,0.570742
0.5825,0.570815
0.5826,0.570889
0.5827,0.570963
0.5828,0.571036
0.5829,0.57111
0.583,0.571184
0.5831,0.571257
0.5832,0.571331
0.5833,0.571404
0.5834,0.571478
0.5835,0.571551
0.5836,0.571624
0.5837,0.571698
0.5838,0.571771
0.5839,0.571844
0.584,0.571918
0.5841,0.571991
0.5842,0.572064
0.5843,0.572138
0.5844,0.572211
0.5845,0.572284
0.5846,0.572357
0.5847,0.57243
0.5848,0.572503
0.5849,0.572577
0.585,0.57265
0.5851,0.572723
0.5852,0.572796
0.5853,0.572869
0.5854,0.572942
0.5855,0.573015
0.5856,0.573087
0.5857,0.57316
0.5858,0.573233
0.5859,0.573306
0.586,0.573379
0.5861,0.573452
0.5862,0.573524
0.5863,0.573597
0.5864,0.57367
0.5865,0.573743
0.5866,0.573815
0.5867,0.573888
0.5868,0.57396
0.5869,0.574033
0.587,0.574106
0.5871,0.574178
0.5872,0.574251
0.5873,0.574323
0.5874,0.574396
0.5875,0.574468
0.5876,0.574541
0.5877,0.574613
0.5878,0.574685
0.5879,0.574758
0.588,0.57483
0.5881,0.574902
0.5882,0.574974
0.5883,0.575047
0.5884,0.575119
0.5885,0.575191
0.5886,0.575263
0.5887,0.575335
0.5888,0.575408
0.5889,0.57548
0.589,0.575552
0.5891,0.575624
0.5892,0.575696
0.5893,0.575768
0.5894,0.57584
0.5895,0.575912
0.5896,0.575984
0.5897,0.576056
0.5898,0.576128
0.5899,0.576199
0.59,0.576271
0.5901,0.576343
0.5902,0.576415
0.5903,0.576487
0.5904,0.576558
0.5905,0.57663
0.5906,0.576702
0.5907,0.576773
0.5908,0.576845
0.5909,0.576917
0.591,0.576988
0.5911,0.57706
0.5912,0.577131
0.5913,0.577203
0.5914,0.577274
0.5915,0.577346
0.5916,0.577417
0.5917,0.577489
0.5918,0.57756
0.5919,0.577631
0.592,0.577703
0.5921,0.577774
0.5922,0.577845
0.5923,0.577917
0.5924,0.577988
0.5925,0.578059
0.5926,0.57813
0.5927,0.578201
0.5928,0.578273
0.5929,0.578344
0.593,0.578415
0.5931,0.578486
0.5932,0.578557
0.5933,0.578628
0.5934,0.578699
0.5935,0.57877
0.5936,0.578841
0.5937,0.578912
0.5938,0.578983
0.5939,0.579054
0.594,0.579125
0.5941,0.579195
0.5942,0.579266
0.5943,0.579337
0.5944,0.579408
0.5945,0.579479
0.5946,0.579549
0.5947,0.57962
0.5948,0.579691
0.5949,0.579761
0.595,0.579832
0.5951,0.579903
0.5952,0.579973
0.5953,0.580044
0.5954,0.580114
0.5955,0.580185
0.5956,0.580255
0.5957,0.580326
0.5958,0.580396
0.5959,0.580467
0.596,0.580537
0.5961,0.580607
0.5962,0.580678
0.5963,0.580748
0.5964,0.580818
0.5965,0.580889
0.5966,0.580959
0.5967,0.581029
0.5968,0.581099
0.5969,0.581169
0.597,0.58124
0.5971,0.58131
0.5972,0.58138
0.5973,0.58145
0.5974,0.58152
0.5975,0.58159
0.5976,0.58166
0.5977,0.58173
0.5978,0.5818
0.5979,0.58187
0.598,0.58194
0.5981,0.58201
0.5982,0.58208
0.5983,0.582149
0.5984,0.582219
0.5985,0.582289
0.5986,0.582359
0.5987,0.582429
0.5988,0.582498
0.5989,0.582568
0.599,0.582638
0.5991,0.582707
0.5992,0.582777
0.5993,0.582847
0.5994,0.582916
0.5995,0.582986
0.5996,0.583055
0.5997,0.583125
0.5998,0.583194
0.5999,0.583264
0.6,0.583333
0.6001,0.583403
0.6002,0.583472
0.6003,0.583542
0.6004,0.583611
0.6005,0.58368
0.6006,0.58375
0.6007,0.583819
0.6008,0.583888
0.6009,0.583957
0.601,0.584027
0.6011,0.584096
0.6012,0.584165
0.6013,0.584234
0.6014,0.584303
0.6015,0.584372
0.6016,0.584441
0.6017,0.584511
0.6018,0.58458
0.6019,0.584649
0.602,0.584718
0.6021,0.584787
0.6022,0.584856
0.6023,0.584924
0.6024,0.584993
0.6025,0.585062
0.6026,0.585131
0.6027,0.5852
0.6028,0.585269
0.6029,0.585338
0.603,0.585406
0.6031,0.585475
0.6032,0.585544
0.6033,0.585612
0.6034,0.585681
0.6035,0.58575
0.6036,0.585818
0.6037,0.585887
0.6038,0.585956
0.6039,0.586024
0.604,0.586093
0.6041,0.586161
0.6042,0.58623
0.6043,0.586298
0.6044,0.586367
0.6045,0.586435
0.6046,0.586503
0.6047,0.586572
0.6048,0.58664
0.6049,0.586709
0.605,0.586777
0.6051,0.586845
0.6052,0.586913
0.6053,0.586982
0.6054,0.58705
0.6055,0.587118
0.6056,0.587186
0.6057,0.587254
0.6058,0.587323
0.6059,0.587391
0.606,0.587459
0.6061,0.587527
0.6062,0.587595
0.6063,0.587663
0.6064,0.587731
0.6065,0.587799
0.6066,0.587867
0.6067,0.587935
0.6068,0.588003
0.6069,0.588071
0.607,0.588138
0.6071,0.588206
0.6072,0.588274
0.6073,0.588342
0.6074,0.58841
0.6075,0.588477
0.6076,0.588545
0.6077,0.588613
0.6078,0.58868
0.6079,0.588748
0.608,0.588816
0.6081,0.588883
0.6082,0.588951
0.6083,0.589019
0.6084,0.589086
0.6085,0.589154
0.6086,0.589221
0.6087,0.589289
0.6088,0.589356
0.6089,0.589424
0.609,0.589491
0.6091,0.589558
0.6092,0.589626
0.6093,0.589693
0.6094,0.58976
0.6095,0.589828
0.6096,0.589895
0.6097,0.589962
0.6098,0.59003
0.6099,0.590097
0.61,0.590164
0.6101,0.590231
0.6102,0.590298
0.6103,0.590365
0.6104,0.590433
0.6105,0.5905
0.6106,0.590567
0.6107,0.590634
0.6108,0.590701
0.6109,0.590768
0.611,0.590835
0.6111,0.590902
0.6112,0.590969
0.6113,0.591035
0.6114,0.591102
0.6115,0.591169
0.6116,0.591236
0.6117,0.591303
0.6118,0.59137
0.6119,0.591437
0.612,0.591503
0.6121,0.59157
0.6122,0.591637
0.6123,0.591703
0.6124,0.59177
0.6125,0.591837
0.6126,0.591903
0.6127,0.59197
0.6128,0.592037
0.6129,0.592103
0.613,0.59217
0.6131,0.592236
0.6132,0.592303
0.6133,0.592369
0.6134,0.592436
0.6135,0.592502
0.6136,0.592568
0.6137,0.592635
0.6138,0.592701
0.6139,0.592768
0.614,0.592834
0.6141,0.5929
0.6142,0.592966
0.6143,0.593033
0.6144,0.593099
0.6145,0.593165
0.6146,0.593231
0.6147,0.593298
0.6148,0.593364
0.6149,0.59343
0.615,0.593496
0.6151,0.593562
0.6152,0.593628
0.6153,0.593694
0.6154,0.59376
0.6155,0.593826
0.6156,0.593892
0.6157,0.593958
0.6158,0.594024
0.6159,0.59409
0.616,0.594156
0.6161,0.594222
0.6162,0.594288
0.6163,0.594353
0.6164,0.594419
0.6165,0.594485
0.6166,0.594551
0.6167,0.594617
0.6168,0.594682
0.6169,0.594748
0.617,0.594814
0.6171,0.594879
0.6172,0.594945
0.6173,0.595011
0.6174,0.595076
0.6175,0.595142
0.6176,0.595207
0.6177,0.595273
0.6178,0.595338
0.6179,0.595404
0.618,0.595469
0.6181,0.595535
0.6182,0.5956
0.6183,0.595666
0.6184,0.595731
0.6185,0.595796
0.6186,0.595862
0.6187,0.595927
0.6188,0.595992
0.6189,0.596058
0.619,0.596123
0.6191,0.596188
0.6192,0.596253
0.6193,0.596318
0.6194,0.596384
0.6195,0.596449
0.6196,0.596514
0.6197,0.596579
0.6198,0.596644
0.6199,0.596709
0.62,0.596774
0.6201,0.596839
0.6202,0.596904
0.6203,0.596969
0.6204,0.597034
0.6205,0.597099
0.6206,0.597164
0.6207,0.597229
0.6208,0.597294
0.6209,0.597359
0.621,0.597424
0.6211,0.597488
0.6212,0.597553
0.6213,0.597618
0.6214,0.597683
0.6215,0.597747
0.6216,0.597812
0.6217,0.597877
0.6218,0.597941
0.6219,0.598006
0.622,0.598071
0.6221,0.598135
0.6222,0.5982
0.6223,0.598265
0.6224,0.598329
0.6225,0.598394
0.6226,0.598458
0.6227,0.598523
0.6228,0.598587
0.6229,0.598651
0.623,0.598716
0.6231,0.59878
0.6232,0.598845
0.6233,0.598909
0.6234,0.598973
0.6235,0.599038
0.6236,0.599102
0.6237,0.599166
0.6238,0.599231
0.6239,0.599295
0.624,0.599359
0.6241,0.599423
0.6242,0.599487
0.6243,0.599551
0.6244,0.599616
0.6245,0.59968
0.6246,0.599744
0.6247,0.599808
0.6248,0.599872
0.6249,0.599936
0.625,0.6
0.6251,0.600064
0.6252,0.600128
0.6253,0.600192
0.6254,0.600256
0.6255,0.60032
0.6256,0.600384
0.6257,0.600447
0.6258,0.600511
0.6259,0.600575
0.626,0.600639
0.6261,0.600703
0.6262,0.600767
0.6263,0.60083
0.6264,0.600894
0.6265,0.600958
0.6266,0.601021
0.6267,0.601085
0.6268,0.601149
0.6269,0.601212
0.627,0.601276
0.6271,0.601339
0.6272,0.601403
0.6273,0.601467
0.6274,0.60153
0.6275,0.601594
0.6276,0.601657
0.6277,0.601721
0.6278,0.601784
0.6279,0.601847
0.628,0.601911
0.6281,0.601974
0.6282,0.602038
0.6283,0.602101
0.6284,0.602164
0.6285,0.602228
0.6286,0.602291
0.6287,0.602354
0.6288,0.602417
0.6289,0.602481
0.629,0.602544
0.6291,0.602607
0.6292,0.60267
0.6293,0.602733
0.6294,0.602796
0.6295,0.602859
0.6296,0.602922
0.6297,0.602986
0.6298,0.603049
0.6299,0.603112
0.63,0.603175
0.6301,0.603238
0.6302,0.603301
0.6303,0.603363
0.6304,0.603426
0.6305,0.603489
0.6306,0.603552
0.6307,0.603615
0.6308,0.603678
0.6309,0.603741
0.631,0.603803
0.6311,0.603866
0.6312,0.603929
0.6313,0.603992
0.6314,0.604054
0.6315,0.604117
0.6316,0.60418
0.6317,0.604243
0.6318,0.604305
0.6319,0.604368
0.632,0.60443
0.6321,0.604493
0.6322,0.604556
0.6323,0.604618
0.6324,0.604681
0.6325,0.604743
0.6326,0.604806
0.6327,0.604868
0.6328,0.60493
0.6329,0.604993
0.633,0.605055
0.6331,0.605118
0.6332,0.60518
0.6333,0.605242
0.6334,0.605305
0.6335,0.605367
0.6336,0.605429
0.6337,0.605492
0.6338,0.605554
0.6339,0.605616
0.634,0.605678
0.6341,0.60574
0.6342,0.605803
0.6343,0.605865
0.6344,0.605927
0.6345,0.605989
0.6346,0.606051
0.6347,0.606113
0.6348,0.606175
0.6349,0.606237
0.635,0.606299
0.6351,0.606361
0.6352,0.606423
0.6353,0.606485
0.6354,0.606547
0.6355,0.606609
0.6356,0.606671
0.6357,0.606733
0.6358,0.606795
0.6359,0.606856
0.636,0.606918
0.6361,0.60698
0.6362,0.607042
0.6363,0.607104
0.6364,0.607165
0.6365,0.607227
0.6366,0.607289
0.6367,0.60735
0.6368,0.607412
0.6369,0.607474
0.637,0.607535
0.6371,0.607597
0.6372,0.607659
0.6373,0.60772
0.6374,0.607782
0.6375,0.607843
0.6376,0.607905
0.6377,0.607966
0.6378,0.608028
0.6379,0.608089
0.638,0.60815
0.6381,0.608212
0.6382,0.608273
0.6383,0.608335
0.6384,0.608396
0.6385,0.608457
0.6386,0.608519
0.6387,0.60858
0.6388,0.608641
0.6389,0.608702
0.639,0.608764
0.6391,0.608825
0.6392,0.608886
0.6393,0.608947
0.6394,0.609008
0.6395,0.60907
0.6396,0.609131
0.6397,0.609192
0.6398,0.609253
0.6399,0.609314
0.64,0.609375
0.6401,0.609436
0.6402,0.609497
0.6403,0.609558
0.6404,0.609619
0.6405,0.60968
0.6406,0.609741
0.6407,0.609802
0.6408,0.609863
0.6409,0.609924
0.641,0.609984
0.6411,0.610045
0.6412,0.610106
0.6413,0.610167
0.6414,0.610228
0.6415,0.610288
0.6416,0.610349
0.6417,0.61041
0.6418,0.610471
0.6419,0.610531
0.642,0.610592
0.6421,0.610653
0.6422,0.610713
0.6423,0.610774
0.6424,0.610834
0.6425,0.610895
0.6426,0.610955
0.6427,0.611016
0.6428,0.611077
0.6429,0.611137
0.643,0.611198
0.6431,0.611258
0.6432,0.611318
0.6433,0.611379
0.6434,0.611439
0.6435,0.6115
0.6436,0.61156
0.6437,0.61162
0.6438,0.611681
0.6439,0.611741
0.644,0.611801
0.6441,0.611862
0.6442,0.611922
0.6443,0.611982
0.6444,0.612042
0.6445,0.612102
0.6446,0.612163
0.6447,0.612223
0.6448,0.612283
0.6449,0.612343
0.645,0.612403
0.6451,0.612463
0.6452,0.612523
0.6453,0.612583
0.6454,0.612643
0.6455,0.612703
0.6456,0.612763
0.6457,0.612823
0.6458,0.612883
0.6459,0.612943
0.646,0.613003
0.6461,0.613063
0.6462,0.613123
0.6463,0.613183
0.6464,0.613243
0.6465,0.613302
0.6466,0.613362
0.6467,0.613422
0.6468,0.613482
0.6469,0.613542
0.647,0.613601
0.6471,0.613661
0.6472,0.613721
0.6473,0.61378
0.6474,0.61384
0.6475,0.6139
0.6476,0.613959
0.6477,0.614019
0.6478,0.614078
0.6479,0.614138
0.648,0.614198
0.6481,0.614257
0.6482,0.614317
0.6483,0.614376
0.6484,0.614436
0.6485,0.614495
0.6486,0.614554
0.6487,0.614614
0.6488,0.614673
0.6489,0.614733
0.649,0.614792
0.6491,0.614851
0.6492,0.614911
0.6493,0.61497
0.6494,0.615029
0.6495,0.615089
0.6496,0.615148
0.6497,0.615207
0.6498,0.615266
0.6499,0.615325
0.65,0.615385
0.6501,0.615444
0.6502,0.615503
0.6503,0.615562
0.6504,0.615621
0.6505,0.61568
0.6506,0.615739
0.6507,0.615798
0.6508,0.615857
0.6509,0.615916
0.651,0.615975
0.6511,0.616034
0.6512,0.616093
0.6513,0.616152
0.6514,0.616211
0.6515,0.61627
0.6516,0.616329
0.6517,0.616388
0.6518,0.616447
0.6519,0.616506
0.652,0.616564
0.6521,0.616623
0.6522,0.616682
0.6523,0.616741
0.6524,0.6168
0.6525,0.616858
0.6526,0.616917
0.6527,0.616976
0.6528,0.617034
0.6529,0.617093
0.653,0.617152
0.6531,0.61721
0.6532,0.617269
0.6533,0.617327
0.6534,0.617386
0.6535,0.617445
0.6536,0.617503
0.6537,0.617562
0.6538,0.61762
0.6539,0.617679
0.654,0.617737
0.6541,0.617795
0.6542,0.617854
0.6543,0.617912
0.6544,0.617971
0.6545,0.618029
0.6546,0.618087
0.6547,0.618146
0.6548,0.618204
0.6549,0.618262
0.655,0.618321
0.6551,0.618379
0.6552,0.618437
0.6553,0.618495
0.6554,0.618554
0.6555,0.618612
0.6556,0.61867
0.6557,0.618728
0.6558,0.618786
0.6559,0.618844
0.656,0.618902
0.6561,0.618961
0.6562,0.619019
0.6563,0.619077
0.6564,0.619135
0.6565,0.619193
0.6566,0.619251
0.6567,0.619309
0.6568,0.619367
0.6569,0.619425
0.657,0.619482
0.6571,0.61954
0.6572,0.619598
0.6573,0.619656
0.6574,0.619714
0.6575,0.619772
0.6576,0.61983
0.6577,0.619887
0.6578,0.619945
0.6579,0.620003
0.658,0.620061
0.6581,0.620119
0.6582,0.620176
0.6583,0.620234
0.6584,0.620292
0.6585,0.620349
0.6586,0.620407
0.6587,0.620465
0.6588,0.620522
0.6589,0.62058
0.659,0.620637
0.6591,0.620695
0.6592,0.620752
0.6593,0.62081
0.6594,0.620867
0.6595,0.620925
0.6596,0.620982
0.6597,0.62104
0.6598,0.621097
0.6599,0.621155
0.66,0.621212
0.6601,0.62127
0.6602,0.621327
0.6603,0.621384
0.6604,0.621442
0.6605,0.621499
0.6606,0.621556
0.6607,0.621613
0.6608,0.621671
0.6609,0.621728
0.661,0.621785
0.6611,0.621842
0.6612,0.6219
0.6613,0.621957
0.6614,0.622014
0.6615,0.622071
0.6616,0.622128
0.6617,0.622185
0.6618,0.622242
0.6619,0.622299
0.662,0.622356
0.6621,0.622414
0.6622,0.622471
0.6623,0.622528
0.6624,0.622585
0.6625,0.622642
0.6626,0.622698
0.6627,0.622755
0.6628,0.622812
0.6629,0.622869
0.663,0.622926
0.6631,0.622983
0.6632,0.62304
0.6633,0.623097
0.6634,0.623153
0.6635,0.62321
0.6636,0.623267
0.6637,0.623324
0.6638,0.623381
0.6639,0.623437
0.664,0.623494
0.6641,0.623551
0.6642,0.623607
0.6643,0.623664
0.6644,0.623721
0.6645,0.623777
0.6646,0.623834
0.6647,0.62389
0.6648,0.623947
0.6649,0.624004
0.665,0.62406
0.6651,0.624117
0.6652,0.624173
0.6653,0.62423
0.6654,0.624286
0.6655,0.624343
0.6656,0.624399
0.6657,0.624455
0.6658,0.624512
0.6659,0.624568
0.666,0.624625
0.6661,0.624681
0.6662,0.624737
0.6663,0.624794
0.6664,0.62485
0.6665,0.624906
0.6666,0.624962
0.6667,0.625019
0.6668,0.625075
0.6669,0.625131
0.667,0.625187
0.6671,0.625244
0.6672,0.6253
0.6673,0.625356
0.6674,0.625412
0.6675,0.625468
0.6676,0.625524
0.6677,0.62558
0.6678,0.625636
0.6679,0.625692
0.668,0.625749
0.6681,0.625805
0.6682,0.625861
0.6683,0.625917
0.6684,0.625972
0.6685,0.626028
0.6686,0.626084
0.6687,0.62614
0.6688,0.626196
0.6689,0.626252
0.669,0.626308
0.6691,0.626364
0.6692,0.62642
0.6693,0.626475
0.6694,0.626531
0.6695,0.626587
0.6696,0.626643
0.6697,0.626699
0.6698,0.626754
0.6699,0.62681
0.67,0.626866
0.6701,0.626921
0.6702,0.626977
0.6703,0.627033
0.6704,0.627088
0.6705,0.627144
0.6706,0.6272
0.6707,0.627255
0.6708,0.627311
0.6709,0.627366
0.671,0.627422
0.6711,0.627477
0.6712,0.627533
0.6713,0.627588
0.6714,0.627644
0.6715,0.627699
0.6716,0.627755
0.6717,0.62781
0.6718,0.627865
0.6719,0.627921
0.672,0.627976
0.6721,0.628032
0.6722,0.628087
0.6723,0.628142
0.6724,0.628198
0.6725,0.628253
0.6726,0.628308
0.6727,0.628363
0.6728,0.628419
0.6729,0.628474
0.673,0.628529
0.6731,0.628584
0.6732,0.628639
0.6733,0.628694
0.6734,0.62875
0.6735,0.628805
0.6736,0.62886
0.6737,0.628915
0.6738,0.62897
0.6739,0.629025
0.674,0.62908
0.6741,0.629135
0.6742,0.62919
0.6743,0.629245
0.6744,0.6293
0.6745,0.629355
0.6746,0.62941
0.6747,0.629465
0.6748,0.62952
0.6749,0.629575
0.675,0.62963
0.6751,0.629684
0.6752,0.629739
0.6753,0.629794
0.6754,0.629849
0.6755,0.629904
0.6756,0.629959
0.6757,0.630013
0.6758,0.630068
0.6759,0.630123
0.676,0.630178
0.6761,0.630232
0.6762,0.630287
0.6763,0.630342
0.6764,0.630396
0.6765,0.630451
0.6766,0.630505
0.6767,0.63056
0.6768,0.630615
0.6769,0.630669
0.677,0.630724
0.6771,0.630778
0.6772,0.630833
0.6773,0.630887
0.6774,0.630942
0.6775,0.630996
0.6776,0.631051
0.6777,0.631105
0.6778,0.63116
0.6779,0.631214
0.678,0.631268
0.6781,0.631323
0.6782,0.631377
0.6783,0.631432
0.6784,0.631486
0.6785,0.63154
0.6786,0.631594
0.6787,0.631649
0.6788,0.631703
0.6789,0.631757
0.679,0.631811
0.6791,0.631866
0.6792,0.63192
0.6793,0.631974
0.6794,0.632028
0.6795,0.632082
0.6796,0.632137
0.6797,0.632191
0.6798,0.632245
0.6799,0.632299
0.68,0.632353
0.6801,0.632407
0.6802,0.632461
0.6803,0.632515
0.6804,0.632569
0.6805,0.632623
0.6806,0.632677
0.6807,0.632731
0.6808,0.632785
0.6809,0.632839
0.681,0.632893
0.6811,0.632947
0.6812,0.633001
0.6813,0.633054
0.6814,0.633108
0.6815,0.633162
0.6816,0.633216
0.6817,0.63327
0.6818,0.633324
0.6819,0.633377
0.682,0.633431
0.6821,0.633485
0.6822,0.633539
0.6823,0.633592
0.6824,0.633646
0.6825,0.6337
0.6826,0.633753
0.6827,0.633807
0.6828,0.633861
0.6829,0.633914
0.683,0.633968
0.6831,0.634021
0.6832,0.634075
0.6833,0.634128
0.6834,0.634182
0.6835,0.634236
0.6836,0.634289
0.6837,0.634343
0.6838,0.634396
0.6839,0.634449
0.684,0.634503
0.6841,0.634556
0.6842,0.63461
0.6843,0.634663
0.6844,0.634717
0.6845,0.63477
0.6846,0.634823
0.6847,0.634877
0.6848,0.63493
0.6849,0.634983
0.685,0.635036
0.6851,0.63509
0.6852,0.635143
0.6853,0.635196
0.6854,0.635249
0.6855,0.635303
0.6856,0.635356
0.6857,0.635409
0.6858,0.635462
0.6859,0.635515
0.686,0.635569
0.6861,0.635622
0.6862,0.635675
0.6863,0.635728
0.6864,0.635781
0.6865,0.635834
0.6866,0.635887
0.6867,0.63594
0.6868,0.635993
0.6869,0.636046
0.687,0.636099
0.6871,0.636152
0.6872,0.636205
0.6873,0.636258
0.6874,0.636311
0.6875,0.636364
0.6876,0.636417
0.6877,0.636469
0.6878,0.636522
0.6879,0.636575
0.688,0.636628
0.6881,0.636681
0.6882,0.636734
0.6883,0.636786
0.6884,0.636839
0.6885,0.636892
0.6886,0.636945
0.6887,0.636997
0.6888,0.63705
0.6889,0.637103
0.689,0.637155
0.6891,0.637208
0.6892,0.637261
0.6893,0.637313
0.6894,0.637366
0.6895,0.637418
0.6896,0.637471
0.6897,0.637524
0.6898,0.637576
0.6899,0.637629
0.69,0.637681
0.6901,0.637734
0.6902,0.637786
0.6903,0.637839
0.6904,0.637891
0.6905,0.637944
0.6906,0.637996
0.6907,0.638048
0.6908,0.638101
0.6909,0.638153
0.691,0.638205
0.6911,0.638258
0.6912,0.63831
0.6913,0.638363
0.6914,0.638415
0.6915,0.638467
0.6916,0.638519
0.6917,0.638572
0.6918,0.638624
0.6919,0.638676
0.692,0.638728
0.6921,0.638781
0.6922,0.638833
0.6923,0.638885
0.6924,0.638937
0.6925,0.638989
0.6926,0.639041
0.6927,0.639093
0.6928,0.639145
0.6929,0.639198
0.693,0.63925
0.6931,0.639302
0.6932,0.639354
0.6933,0.639406
0.6934,0.639458
0.6935,0.63951
0.6936,0.639562
0.6937,0.639614
0.6938,0.639666
0.6939,0.639718
0.694,0.639769
0.6941,0.639821
0.6942,0.639873
0.6943,0.639925
0.6944,0.639977
0.6945,0.640029
0.6946,0.640081
0.6947,0.640132
0.6948,0.640184
0.6949,0.640236
0.695,0.640288
0.6951,0.64034
0.6952,0.640391
0.6953,0.640443
0.6954,0.640495
0.6955,0.640546
0.6956,0.640598
0.6957,0.64065
0.6958,0.640701
0.6959,0.640753
0.696,0.640805
0.6961,0.640856
0.6962,0.640908
0.6963,0.640959
0.6964,0.641011
0.6965,0.641062
0.6966,0.641114
0.6967,0.641165
0.6968,0.641217
0.6969,0.641268
0.697,0.64132
0.6971,0.641371
0.6972,0.641423
0.6973,0.641474
0.6974,0.641526
0.6975,0.641577
0.6976,0.641628
0.6977,0.64168
0.6978,0.641731
0.6979,0.641782
0.698,0.641834
0.6981,0.641885
0.6982,0.641936
0.6983,0.641988
0.6984,0.642039
0.6985,0.64209
0.6986,0.642141
0.6987,0.642193
0.6988,0.642244
0.6989,0.642295
0.699,0.642346
0.6991,0.642397
0.6992,0.642449
0.6993,0.6425
0.6994,0.642551
0.6995,0.642602
0.6996,0.642653
0.6997,0.642704
0.6998,0.642755
0.6999,0.642806
0.7,0.642857
0.7001,0.642908
0.7002,0.642959
0.7003,0.64301
0.7004,0.643061
0.7005,0.643112
0.7006,0.643163
0.7007,0.643214
0.7008,0.643265
0.7009,0.643316
0.701,0.643367
0.7011,0.643417
0.7012,0.643468
0.7013,0.643519
0.7014,0.64357
0.7015,0.643621
0.7016,0.643672
0.7017,0.643722
0.7018,0.643773
0.7019,0.643824
0.702,0.643875
0.7021,0.643925
0.7022,0.643976
0.7023,0.644027
0.7024,0.644077
0.7025,0.644128
0.7026,0.644179
0.7027,0.644229
0.7028,0.64428
0.7029,0.644331
0.703,0.644381
0.7031,0.644432
0.7032,0.644482
0.7033,0.644533
0.7034,0.644583
0.7035,0.644634
0.7036,0.644684
0.7037,0.644735
0.7038,0.644785
0.7039,0.644836
0.704,0.644886
0.7041,0.644937
0.7042,0.644987
0.7043,0.645038
0.7044,0.645088
0.7045,0.645138
0.7046,0.645189
0.7047,0.645239
0.7048,0.645289
0.7049,0.64534
0.705,0.64539
0.7051,0.64544
0.7052,0.645491
0.7053,0.645541
0.7054,0.645591
0.7055,0.645641
0.7056,0.645692
0.7057,0.645742
0.7058,0.645792
0.7059,0.645842
0.706,0.645892
0.7061,0.645943
0.7062,0.645993
0.7063,0.646043
0.7064,0.646093
0.7065,0.646143
0.7066,0.646193
0.7067,0.646243
0.7068,0.646293
0.7069,0.646343
0.707,0.646393
0.7071,0.646443
0.7072,0.646493
0.7073,0.646543
0.7074,0.646593
0.7075,0.646643
0.7076,0.646693
0.7077,0.646743
0.7078,0.646793
0.7079,0.646843
0.708,0.646893
0.7081,0.646943
0.7082,0.646992
0.7083,0.647042
0.7084,0.647092
0.7085,0.647142
0.7086,0.647192
0.7087,0.647241
0.7088,0.647291
0.7089,0.647341
0.709,0.647391
0.7091,0.64744
0.7092,0.64749
0.7093,0.64754
0.7094,0.64759
0.7095,0.647639
0.7096,0.647689
0.7097,0.647738
0.7098,0.647788
0.7099,0.647838
0.71,0.647887
0.7101,0.647937
0.7102,0.647986
0.7103,0.648036
0.7104,0.648086
0.7105,0.648135
0.7106,0.648185
0.7107,0.648234
0.7108,0.648284
0.7109,0.648333
0.711,0.648383
0.7111,0.648432
0.7112,0.648481
0.7113,0.648531
0.7114,0.64858
0.7115,0.64863
0.7116,0.648679
0.7117,0.648728
0.7118,0.648778
0.7119,0.648827
0.712,0.648876
0.7121,0.648926
0.7122,0.648975
0.7123,0.649024
0.7124,0.649074
0.7125,0.649123
0.7126,0.649172
0.7127,0.649221
0.7128,0.64927
0.7129,0.64932
0.713,0.649369
0.7131,0.649418
0.7132,0.649467
0.7133,0.649516
0.7134,0.649565
0.7135,0.649615
0.7136,0.649664
0.7137,0.649713
0.7138,0.649762
0.7139,0.649811
0.714,0.64986
0.7141,0.649909
0.7142,0.649958
0.7143,0.650007
0.7144,0.650056
0.7145,0.650105
0.7146,0.650154
0.7147,0.650203
0.7148,0.650252
0.7149,0.650301
0.715,0.65035
0.7151,0.650399
0.7152,0.650447
0.7153,0.650496
0.7154,0.650545
0.7155,0.650594
0.7156,0.650643
0.7157,0.650692
0.7158,0.65074
0.7159,0.650789
0.716,0.650838
0.7161,0.650887
0.7162,0.650935
0.7163,0.650984
0.7164,0.651033
0.7165,0.651082
0.7166,0.65113
0.7167,0.651179
0.7168,0.651228
0.7169,0.651276
0.717,0.651325
0.7171,0.651374
0.7172,0.651422
0.7173,0.651471
0.7174,0.651519
0.7175,0.651568
0.7176,0.651616
0.7177,0.651665
0.7178,0.651714
0.7179,0.651762
0.718,0.651811
0.7181,0.651859
0.7182,0.651908
0.7183,0.651956
0.7184,0.652004
0.7185,0.652053
0.7186,0.652101
0.7187,0.65215
0.7188,0.652198
0.7189,0.652246
0.719,0.652295
0.7191,0.652343
0.7192,0.652392
0.7193,0.65244
0.7194,0.652488
0.7195,0.652536
0.7196,0.652585
0.7197,0.652633
0.7198,0.652681
0.7199,0.65273
0.72,0.652778
0.7201,0.652826
0.7202,0.652874
0.7203,0.652922
0.7204,0.652971
0.7205,0.653019
0.7206,0.653067
0.7207,0.653115
0.7208,0.653163
0.7209,0.653211
0.721,0.653259
0.7211,0.653307
0.7212,0.653356
0.7213,0.653404
0.7214,0.653452
0.7215,0.6535
0.7216,0.653548
0.7217,0.653596
0.7218,0.653644
0.7219,0.653692
0.722,0.65374
0.7221,0.653788
0.7222,0.653836
0.7223,0.653883
0.7224,0.653931
0.7225,0.653979
0.7226,0.654027
0.7227,0.654075
0.7228,0.654123
0.7229,0.654171
0.723,0.654219
0.7231,0.654266
0.7232,0.654314
0.7233,0.654362
0.7234,0.65441
0.7235,0.654457
0.7236,0.654505
0.7237,0.654553
0.7238,0.654601
0.7239,0.654648
0.724,0.654696
0.7241,0.654744
0.7242,0.654791
0.7243,0.654839
0.7244,0.654887
0.7245,0.654934
0.7246,0.654982
0.7247,0.65503
0.7248,0.655077
0.7249,0.655125
0.725,0.655172
0.7251,0.65522
0.7252,0.655268
0.7253,0.655315
0.7254,0.655363
0.7255,0.65541
0.7256,0.655458
0.7257,0.655505
0.7258,0.655552
0.7259,0.6556
0.726,0.655647
0.7261,0.655695
0.7262,0.655742
0.7263,0.65579
0.7264,0.655837
0.7265,0.655884
0.7266,0.655932
0.7267,0.655979
0.7268,0.656026
0.7269,0.656074
0.727,0.656121
0.7271,0.656168
0.7272,0.656216
0.7273,0.656263
0.7274,0.65631
0.7275,0.656357
0.7276,0.656405
0.7277,0.656452
0.7278,0.656499
0.7279,0.656546
0.728,0.656593
0.7281,0.656641
0.7282,0.656688
0.7283,0.656735
0.7284,0.656782
0.7285,0.656829
0.7286,0.656876
0.7287,0.656923
0.7288,0.65697
0.7289,0.657017
0.729,0.657064
0.7291,0.657112
0.7292,0.657159
0.7293,0.657206
0.7294,0.657253
0.7295,0.6573
0.7296,0.657346
0.7297,0.657393
0.7298,0.65744
0.7299,0.657487
0.73,0.657534
0.7301,0.657581
0.7302,0.657628
0.7303,0.657675
0.7304,0.657722
0.7305,0.657769
0.7306,0.657815
0.7307,0.657862
0.7308,0.657909
0.7309,0.657956
0.731,0.658003
0.7311,0.65805
0.7312,0.658096
0.7313,0.658143
0.7314,0.65819
0.7315,0.658237
0.7316,0.658283
0.7317,0.65833
0.7318,0.658377
0.7319,0.658423
0.732,0.65847
0.7321,0.658517
0.7322,0.658563
0.7323,0.65861
0.7324,0.658656
0.7325,0.658703
0.7326,0.65875
0.7327,0.658796
0.7328,0.658843
0.7329,0.658889
0.733,0.658936
0.7331,0.658982
0.7332,0.659029
0.7333,0.659075
0.7334,0.659122
0.7335,0.659168
0.7336,0.659215
0.7337,0.659261
0.7338,0.659308
0.7339,0.659354
0.734,0.659401
0.7341,0.659447
0.7342,0.659493
0.7343,0.65954
0.7344,0.659586
0.7345,0.659632
0.7346,0.659679
0.7347,0.659725
0.7348,0.659771
0.7349,0.659818
0.735,0.659864
0.7351,0.65991
0.7352,0.659956
0.7353,0.660003
0.7354,0.660049
0.7355,0.660095
0.7356,0.660141
0.7357,0.660188
0.7358,0.660234
0.7359,0.66028
0.736,0.660326
0.7361,0.660372
0.7362,0.660418
0.7363,0.660464
0.7364,0.660511
0.7365,0.660557
0.7366,0.660603
0.7367,0.660649
0.7368,0.660695
0.7369,0.660741
0.737,0.660787
0.7371,0.660833
0.7372,0.660879
0.7373,0.660925
0.7374,0.660971
0.7375,0.661017
0.7376,0.661063
0.7377,0.661109
0.7378,0.661155
0.7379,0.661201
0.738,0.661247
0.7381,0.661293
0.7382,0.661338
0.7383,0.661384
0.7384,0.66143
0.7385,0.661476
0.7386,0.661522
0.7387,0.661568
0.7388,0.661613
0.7389,0.661659
0.739,0.661705
0.7391,0.661751
0.7392,0.661797
0.7393,0.661842
0.7394,0.661888
0.7395,0.661934
0.7396,0.661979
0.7397,0.662025
0.7398,0.662071
0.7399,0.662117
0.74,0.662162
0.7401,0.662208
0.7402,0.662253
0.7403,0.662299
0.7404,0.662345
0.7405,0.66239
0.7406,0.662436
0.7407,0.662481
0.7408,0.662527
0.7409,0.662573
0.741,0.662618
0.7411,0.662664
0.7412,0.662709
0.7413,0.662755
0.7414,0.6628
0.7415,0.662846
0.7416,0.662891
0.7417,0.662936
0.7418,0.662982
0.7419,0.663027
0.742,0.663073
0.7421,0.663118
0.7422,0.663164
0.7423,0.663209
0.7424,0.663254
0.7425,0.6633
0.7426,0.663345
0.7427,0.66339
0.7428,0.663436
0.7429,0.663481
0.743,0.663526
0.7431,0.663572
0.7432,0.663617
0.7433,0.663662
0.7434,0.663707
0.7435,0.663753
0.7436,0.663798
0.7437,0.663843
0.7438,0.663888
0.7439,0.663933
0.744,0.663978
0.7441,0.664024
0.7442,0.664069
0.7443,0.664114
0.7444,0.664159
0.7445,0.664204
0.7446,0.664249
0.7447,0.664294
0.7448,0.664339
0.7449,0.664384
0.745,0.66443
0.7451,0.664475
0.7452,0.66452
0.7453,0.664565
0.7454,0.66461
0.7455,0.664655
0.7456,0.6647
0.7457,0.664745
0.7458,0.664789
0.7459,0.664834
0.746,0.664879
0.7461,0.664924
0.7462,0.664969
0.7463,0.665014
0.7464,0.665059
0.7465,0.665104
0.7466,0.665149
0.7467,0.665193
0.7468,0.665238
0.7469,0.665283
0.747,0.665328
0.7471,0.665373
0.7472,0.665417
0.7473,0.665462
0.7474,0.665506
0.7475,0.665551
0.7476,0.665595
0.7477,0.665638
0.7478,0.665682
0.7479,0.665725
0.748,0.665767
0.7481,0.665807
0.7482,0.665846
0.7483,0.665882
0.7484,0.665914
0.7485,0.66594
0.7486,0.665958
0.7487,0.665965
0.7488,0.665955
0.7489,0.665922
0.749,0.665857
0.7491,0.665747
0.7492,0.665576
0.7493,0.665322
0.7494,0.664961
0.7495,0.664463
0.7496,0.663797
0.7497,0.662939
0.7498,0.661875
0.7499,0.660615
0.75,0.659191
0.7501,0.657656
0.7502,0.656074
0.7503,0.6545
0.7504,0.652975
0.7505,0.651521
0.7506,0.650147
0.7507,0.648853
0.7508,0.647631
0.7509,0.646475
0.751,0.645377
0.7511,0.644331
0.7512,0.643329
0.7513,0.642367
0.7514,0.641441
0.7515,0.640546
0.7516,0.639681
0.7517,0.638841
0.7518,0.638026
0.7519,0.637232
0.752,0.636459
0.7521,0.635704
0.7522,0.634967
0.7523,0.634246
0.7524,0.63354
0.7525,0.632849
0.7526,0.632171
0.7527,0.631505
0.7528,0.630852
0.7529,0.63021
0.753,0.629579
0.7531,0.628958
0.7532,0.628346
0.7533,0.627744
0.7534,0.627151
0.7535,0.626567
0.7536,0.62599
0.7537,0.625421
0.7538,0.62486
0.7539,0.624306
0.754,0.623759
0.7541,0.623218
0.7542,0.622684
0.7543,0.622156
0.7544,0.621634
0.7545,0.621118
0.7546,0.620608
0.7547,0.620102
0.7548,0.619602
0.7549,0.619108
0.755,0.618618
0.7551,0.618133
0.7552,0.617652
0.7553,0.617176
0.7554,0.616705
0.7555,0.616237
0.7556,0.615774
0.7557,0.615315
0.7558,0.61486
0.7559,0.614408
0.756,0.613961
0.7561,0.613517
0.7562,0.613076
0.7563,0.612639
0.7564,0.612205
0.7565,0.611775
0.7566,0.611348
0.7567,0.610924
0.7568,0.610503
0.7569,0.610086
0.757,0.609671
0.7571,0.609259
0.7572,0.60885
0.7573,0.608444
0.7574,0.60804
0.7575,0.607639
0.7576,0.607241
0.7577,0.606845
0.7578,0.606452
0.7579,0.606061
0.758,0.605673
0.7581,0.605287
0.7582,0.604903
0.7583,0.604522
0.7584,0.604143
0.7585,0.603766
0.7586,0.603392
0.7587,0.603019
0.7588,0.602649
0.7589,0.60228
0.759,0.601914
0.7591,0.60155
0.7592,0.601188
0.7593,0.600827
0.7594,0.600469
0.7595,0.600112
0.7596,0.599757
0.7597,0.599404
0.7598,0.599053
0.7599,0.598704
0.76,0.598356
0.7601,0.59801
0.7602,0.597666
0.7603,0.597323
0.7604,0.596982
0.7605,0.596643
0.7606,0.596305
0.7607,0.595969
0.7608,0.595634
0.7609,0.595301
0.761,0.59497
0.7611,0.59464
0.7612,0.594311
0.7613,0.593984
0.7614,0.593658
0.7615,0.593334
0.7616,0.593011
0.7617,0.592689
0.7618,0.592369
0.7619,0.59205
0.762,0.591732
0.7621,0.591416
0.7622,0.591101
0.7623,0.590788
0.7624,0.590475
0.7625,0.590164
0.7626,0.589854
0.7627,0.589545
0.7628,0.589238
0.7629,0.588931
0.763,0.588626
0.7631,0.588322
0.7632,0.588019
0.7633,0.587718
0.7634,0.587417
0.7635,0.587118
0.7636,0.586819
0.7637,0.586522
0.7638,0.586226
0.7639,0.585931
0.764,0.585637
0.7641,0.585344
0.7642,0.585052
0.7643,0.584761
0.7644,0.584471
0.7645,0.584182
0.7646,0.583894
0.7647,0.583607
0.7648,0.583321
0.7649,0.583036
0.765,0.582752
0.7651,0.582469
0.7652,0.582187
0.7653,0.581905
0.7654,0.581625
0.7655,0.581345
0.7656,0.581067
0.7657,0.580789
0.7658,0.580512
0.7659,0.580237
0.766,0.579961
0.7661,0.579687
0.7662,0.579414
0.7663,0.579141
0.7664,0.57887
0.7665,0.578599
0.7666,0.578329
0.7667,0.57806
0.7668,0.577791
0.7669,0.577524
0.767,0.577257
0.7671,0.576991
0.7672,0.576726
0.7673,0.576461
0.7674,0.576198
0.7675,0.575935
0.7676,0.575673
0.7677,0.575411
0.7678,0.575151
0.7679,0.574891
0.768,0.574631
0.7681,0.574373
0.7682,0.574115
0.7683,0.573858
0.7684,0.573602
0.7685,0.573346
0.7686,0.573091
0.7687,0.572837
0.7688,0.572583
0.7689,0.57233
0.769,0.572078
0.7691,0.571827
0.7692,0.571576
0.7693,0.571325
0.7694,0.571076
0.7695,0.570827
0.7696,0.570579
0.7697,0.570331
0.7698,0.570084
0.7699,0.569838
0.77,0.569592
0.7701,0.569347
0.7702,0.569102
0.7703,0.568858
0.7704,0.568615
0.7705,0.568372
0.7706,0.56813
0.7707,0.567889
0.7708,0.567648
0.7709,0.567407
0.771,0.567168
0.7711,0.566929
0.7712,0.56669
0.7713,0.566452
0.7714,0.566214
0.7715,0.565978
0.7716,0.565741
0.7717,0.565505
0.7718,0.56527
0.7719,0.565036
0.772,0.564801
0.7721,0.564568
0.7722,0.564335
0.7723,0.564102
0.7724,0.56387
0.7725,0.563639
0.7726,0.563408
0.7727,0.563177
0.7728,0.562947
0.7729,0.562718
0.773,0.562489
0.7731,0.562261
0.7732,0.562033
0.7733,0.561806
0.7734,0.561579
0.7735,0.561352
0.7736,0.561126
0.7737,0.560901
0.7738,0.560676
0.7739,0.560452
0.774,0.560228
0.7741,0.560004
0.7742,0.559781
0.7743,0.559559
0.7744,0.559337
0.7745,0.559115
0.7746,0.558894
0.7747,0.558673
0.7748,0.558453
0.7749,0.558233
0.775,0.558014
0.7751,0.557795
0.7752,0.557577
0.7753,0.557359
0.7754,0.557141
0.7755,0.556924
0.7756,0.556708
0.7757,0.556491
0.7758,0.556276
0.7759,0.55606
0.776,0.555845
0.7761,0.555631
0.7762,0.555417
0.7763,0.555203
0.7764,0.55499
0.7765,0.554777
0.7766,0.554565
0.7767,0.554353
0.7768,0.554141
0.7769,0.55393
0.777,0.553719
0.7771,0.553509
0.7772,0.553299
0.7773,0.553089
0.7774,0.55288
0.7775,0.552671
0.7776,0.552463
0.7777,0.552255
0.7778,0.552047
0.7779,0.55184
0.778,0.551633
0.7781,0.551427
0.7782,0.551221
0.7783,0.551015
0.7784,0.55081
0.7785,0.550605
0.7786,0.5504
0.7787,0.550196
0.7788,0.549992
0.7789,0.549789
0.779,0.549586
0.7791,0.549383
0.7792,0.549181
0.7793,0.548979
0.7794,0.548777
0.7795,0.548576
0.7796,0.548375
0.7797,0.548174
0.7798,0.547974
0.7799,0.547774
0.78,0.547574
0.7801,0.547375
0.7802,0.547176
0.7803,0.546978
0.7804,0.54678
0.7805,0.546582
0.7806,0.546384
0.7807,0.546187
0.7808,0.54599
0.7809,0.545794
0.781,0.545598
0.7811,0.545402
0.7812,0.545206
0.7813,0.545011
0.7814,0.544816
0.7815,0.544622
0.7816,0.544428
0.7817,0.544234
0.7818,0.54404
0.7819,0.543847
0.782,0.543654
0.7821,0.543461
0.7822,0.543269
0.7823,0.543077
0.7824,0.542886
0.7825,0.542694
0.7826,0.542503
0.7827,0.542312
0.7828,0.542122
0.7829,0.541932
0.783,0.541742
0.7831,0.541552
0.7832,0.541363
0.7833,0.541174
0.7834,0.540986
0.7835,0.540797
0.7836,0.540609
0.7837,0.540422
0.7838,0.540234
0.7839,0.540047
0.784,0.53986
0.7841,0.539674
0.7842,0.539487
0.7843,0.539301
0.7844,0.539116
0.7845,0.53893
0.7846,0.538745
0.7847,0.53856
0.7848,0.538376
0.7849,0.538191
0.785,0.538007
0.7851,0.537823
0.7852,0.53764
0.7853,0.537457
0.7854,0.537274
0.7855,0.537091
0.7856,0.536909
0.7857,0.536727
0.7858,0.536545
0.7859,0.536363
0.786,0.536182
0.7861,0.536001
0.7862,0.53582
0.7863,0.53564
0.7864,0.53546
0.7865,0.53528
0.7866,0.5351
0.7867,0.53492
0.7868,0.534741
0.7869,0.534562
0.787,0.534384
0.7871,0.534205
0.7872,0.534027
0.7873,0.533849
0.7874,0.533672
0.7875,0.533494
0.7876,0.533317
0.7877,0.53314
0.7878,0.532963
0.7879,0.532787
0.788,0.532611
0.7881,0.532435
0.7882,0.532259
0.7883,0.532084
0.7884,0.531909
0.7885,0.531734
0.7886,0.531559
0.7887,0.531385
0.7888,0.531211
0.7889,0.531037
0.789,0.530863
0.7891,0.530689
0.7892,0.530516
0.7893,0.530343
0.7894,0.53017
0.7895,0.529998
0.7896,0.529826
0.7897,0.529654
0.7898,0.529482
0.7899,0.52931
0.79,0.529139
0.7901,0.528968
0.7902,0.528797
0.7903,0.528626
0.7904,0.528456
0.7905,0.528285
0.7906,0.528115
0.7907,0.527946
0.7908,0.527776
0.7909,0.527607
0.791,0.527438
0.7911,0.527269
0.7912,0.5271
0.7913,0.526932
0.7914,0.526763
0.7915,0.526595
0.7916,0.526428
0.7917,0.52626
0.7918,0.526093
0.7919,0.525925
0.792,0.525759
0.7921,0.525592
0.7922,0.525425
0.7923,0.525259
0.7924,0.525093
0.7925,0.524927
0.7926,0.524761
0.7927,0.524596
0.7928,0.524431
0.7929,0.524266
0.793,0.524101
0.7931,0.523936
0.7932,0.523772
0.7933,0.523608
0.7934,0.523444
0.7935,0.52328
0.7936,0.523116
0.7937,0.522953
0.7938,0.52279
0.7939,0.522627
0.794,0.522464
0.7941,0.522302
0.7942,0.522139
0.7943,0.521977
0.7944,0.521815
0.7945,0.521653
0.7946,0.521492
0.7947,0.52133
0.7948,0.521169
0.7949,0.521008
0.795,0.520847
0.7951,0.520687
0.7952,0.520527
0.7953,0.520366
0.7954,0.520206
0.7955,0.520046
0.7956,0.519887
0.7957,0.519727
0.7958,0.519568
0.7959,0.519409
0.796,0.51925
0.7961,0.519092
0.7962,0.518933
0.7963,0.518775
0.7964,0.518617
0.7965,0.518459
0.7966,0.518301
0.7967,0.518143
0.7968,0.517986
0.7969,0.517829
0.797,0.517672
0.7971,0.517515
0.7972,0.517358
0.7973,0.517202
0.7974,0.517046
0.7975,0.51689
0.7976,0.516734
0.7977,0.516578
0.7978,0.516422
0.7979,0.516267
0.798,0.516112
0.7981,0.515957
0.7982,0.515802
0.7983,0.515647
0.7984,0.515493
0.7985,0.515338
0.7986,0.515184
0.7987,0.51503
0.7988,0.514877
0.7989,0.514723
0.799,0.51457
0.7991,0.514416
0.7992,0.514263
0.7993,0.51411
0.7994,0.513957
0.7995,0.513805
0.7996,0.513652
0.7997,0.5135
0.7998,0.513348
0.7999,0.513196
0.8,0.513045
0.8001,0.512893
0.8002,0.512742
0.8003,0.51259
0.8004,0.512439
0.8005,0.512288
0.8006,0.512138
0.8007,0.511987
0.8008,0.511837
0.8009,0.511686
0.801,0.511536
0.8011,0.511386
0.8012,0.511237
0.8013,0.511087
0.8014,0.510938
0.8015,0.510788
0.8016,0.510639
0.8017,0.51049
0.8018,0.510341
0.8019,0.510193
0.802,0.510044
0.8021,0.509896
0.8022,0.509748
0.8023,0.5096
0.8024,0.509452
0.8025,0.509304
0.8026,0.509157
0.8027,0.509009
0.8028,0.508862
0.8029,0.508715
0.803,0.508568
0.8031,0.508422
0.8032,0.508275
0.8033,0.508129
0.8034,0.507982
0.8035,0.507836
0.8036,0.50769
0.8037,0.507544
0.8038,0.507399
0.8039,0.507253
0.804,0.507108
0.8041,0.506963
0.8042,0.506817
0.8043,0.506673
0.8044,0.506528
0.8045,0.506383
0.8046,0.506239
0.8047,0.506094
0.8048,0.50595
0.8049,0.505806
0.805,0.505662
0.8051,0.505519
0.8052,0.505375
0.8053,0.505231
0.8054,0.505088
0.8055,0.504945
0.8056,0.504802
0.8057,0.504659
0.8058,0.504516
0.8059,0.504374
0.806,0.504231
0.8061,0.504089
0.8062,0.503947
0.8063,0.503805
0.8064,0.503663
0.8065,0.503521
0.8066,0.50338
0.8067,0.503238
0.8068,0.503097
0.8069,0.502956
0.807,0.502815
0.8071,0.502674
0.8072,0.502533
0.8073,0.502393
0.8074,0.502252
0.8075,0.502112
0.8076,0.501972
0.8077,0.501832
0.8078,0.501692
0.8079,0.501552
0.808,0.501412
0.8081,0.501273
0.8082,0.501134
0.8083,0.500994
0.8084,0.500855
0.8085,0.500716
0.8086,0.500577
0.8087,0.500439
0.8088,0.5003
0.8089,0.500162
0.809,0.500023
0.8091,0.499885
0.8092,0.499747
0.8093,0.499609
0.8094,0.499472
0.8095,0.499334
0.8096,0.499197
0.8097,0.499059
0.8098,0.498922
0.8099,0.498785
0.81,0.498648
0.8101,0.498511
0.8102,0.498374
0.8103,0.498238
0.8104,0.498101
0.8105,0.497965
0.8106,0.497829
0.8107,0.497693
0.8108,0.497557
0.8109,0.497421
0.811,0.497285
0.8111,0.49715
0.8112,0.497014
0.8113,0.496879
0.8114,0.496744
0.8115,0.496609
0.8116,0.496474
0.8117,0.496339
0.8118,0.496204
0.8119,0.49607
0.812,0.495935
0.8121,0.495801
0.8122,0.495667
0.8123,0.495533
0.8124,0.495399
0.8125,0.495265
0.8126,0.495131
0.8127,0.494998
0.8128,0.494864
0.8129,0.494731
0.813,0.494598
0.8131,0.494465
0.8132,0.494332
0.8133,0.494199
0.8134,0.494066
0.8135,0.493934
0.8136,0.493801
0.8137,0.493669
0.8138,0.493537
0.8139,0.493405
0.814,0.493273
0.8141,0.493141
0.8142,0.493009
0.8143,0.492877
0.8144,0.492746
0.8145,0.492614
0.8146,0.492483
0.8147,0.492352
0.8148,0.492221
0.8149,0.49209
0.815,0.491959
0.8151,0.491829
0.8152,0.491698
0.8153,0.491567
0.8154,0.491437
0.8155,0.491307
0.8156,0.491177
0.8157,0.491047
0.8158,0.490917
0.8159,0.490787
0.816,0.490657
0.8161,0.490528
0.8162,0.490398
0.8163,0.490269
0.8164,0.49014
0.8165,0.490011
0.8166,0.489882
0.8167,0.489753
0.8168,0.489624
0.8169,0.489496
0.817,0.489367
0.8171,0.489239
0.8172,0.48911
0.8173,0.488982
0.8174,0.488854
0.8175,0.488726
0.8176,0.488598
0.8177,0.48847
0.8178,0.488343
0.8179,0.488215
0.818,0.488088
0.8181,0.48796
0.8182,0.487833
0.8183,0.487706
0.8184,0.487579
0.8185,0.487452
0.8186,0.487325
0.8187,0.487199
0.8188,0.487072
0.8189,0.486946
0.819,0.486819
0.8191,0.486693
0.8192,0.486567
0.8193,0.486441
0.8194,0.486315
0.8195,0.486189
0.8196,0.486064
0.8197,0.485938
0.8198,0.485812
0.8199,0.485687
0.82,0.485562
0.8201,0.485437
0.8202,0.485312
0.8203,0.485187
0.8204,0.485062
0.8205,0.484937
0.8206,0.484812
0.8207,0.484688
0.8208,0.484563
0.8209,0.484439
0.821,0.484315
0.8211,0.484191
0.8212,0.484066
0.8213,0.483943
0.8214,0.483819
0.8215,0.483695
0.8216,0.483571
0.8217,0.483448
0.8218,0.483324
0.8219,0.483201
0.822,0.483078
0.8221,0.482955
0.8222,0.482832
0.8223,0.482709
0.8224,0.482586
0.8225,0.482463
0.8226,0.482341
0.8227,0.482218
0.8228,0.482096
0.8229,0.481973
0.823,0.481851
0.8231,0.481729
0.8232,0.481607
0.8233,0.481485
0.8234,0.481363
0.8235,0.481241
0.8236,0.48112
0.8237,0.480998
0.8238,0.480877
0.8239,0.480755
0.824,0.480634
0.8241,0.480513
0.8242,0.480392
0.8243,0.480271
0.8244,0.48015
0.8245,0.480029
0.8246,0.479909
0.8247,0.479788
0.8248,0.479668
0.8249,0.479547
0.825,0.479427
0.8251,0.479307
0.8252,0.479187
0.8253,0.479067
0.8254,0.478947
0.8255,0.478827
0.8256,0.478707
0.8257,0.478588
0.8258,0.478468
0.8259,0.478349
0.826,0.478229
0.8261,0.47811
0.8262,0.477991
0.8263,0.477872
0.8264,0.477753
0.8265,0.477634
0.8266,0.477515
0.8267,0.477397
0.8268,0.477278
0.8269,0.47716
0.827,0.477041
0.8271,0.476923
0.8272,0.476805
0.8273,0.476686
0.8274,0.476568
0.8275,0.47645
0.8276,0.476333
0.8277,0.476215
0.8278,0.476097
0.8279,0.47598
0.828,0.475862
0.8281,0.475745
0.8282,0.475627
0.8283,0.47551
0.8284,0.475393
0.8285,0.475276
0.8286,0.475159
0.8287,0.475042
0.8288,0.474925
0.8289,0.474809
0.829,0.474692
0.8291,0.474576
0.8292,0.474459
0.8293,0.474343
0.8294,0.474227
0.8295,0.47411
0.8296,0.473994
0.8297,0.473878
0.8298,0.473762
0.8299,0.473647
0.83,0.473531
0.8301,0.473415
0.8302,0.4733
0.8303,0.473184
0.8304,0.473069
0.8305,0.472954
0.8306,0.472838
0.8307,0.472723
0.8308,0.472608
0.8309,0.472493
0.831,0.472378
0.8311,0.472264
0.8312,0.472149
0.8313,0.472034
0.8314,0.47192
0.8315,0.471805
0.8316,0.471691
0.8317,0.471577
0.8318,0.471463
0.8319,0.471349
0.832,0.471235
0.8321,0.471121
0.8322,0.471007
0.8323,0.470893
0.8324,0.470779
0.8325,0.470666
0.8326,0.470552
0.8327,0.470439
0.8328,0.470325
0.8329,0.470212
0.833,0.470099
0.8331,0.469986
0.8332,0.469873
0.8333,0.46976
0.8334,0.830329
0.8335,0.830406
0.8336,0.830482
0.8337,0.830559
0.8338,0.830635
0.8339,0.830712
0.834,0.830788
0.8341,0.830865
0.8342,0.830941
0.8343,0.831017
0.8344,0.831093
0.8345,0.831169
0.8346,0.831245
0.8347,0.831321
0.8348,0.831397
0.8349,0.831473
0.835,0.831548
0.8351,0.831624
0.8352,0.831699
0.8353,0.831775
0.8354,0.83185
0.8355,0.831926
0.8356,0.832001
0.8357,0.832076
0.8358,0.832151
0.8359,0.832226
0.836,0.832301
0.8361,0.832376
0.8362,0.832451
0.8363,0.832526
0.8364,0.8326
0.8365,0.832675
0.8366,0.83275
0.8367,0.832824
0.8368,0.832898
0.8369,0.832973
0.837,0.833047
0.8371,0.833121
0.8372,0.833195
0.8373,0.833269
0.8374,0.833343
0.8375,0.833417
0.8376,0.833491
0.8377,0.833565
0.8378,0.833639
0.8379,0.833712
0.838,0.833786
0.8381,0.833859
0.8382,0.833933
0.8383,0.834006
0.8384,0.83408
0.8385,0.834153
0.8386,0.834226
0.8387,0.834299
0.8388,0.834372
0.8389,0.834445
0.839,0.834518
0.8391,0.834591
0.8392,0.834664
0.8393,0.834736
0.8394,0.834809
0.8395,0.834882
0.8396,0.834954
0.8397,0.835027
0.8398,0.835099
0.8399,0.835171
0.84,0.835244
0.8401,0.835316
0.8402,0.835388
0.8403,0.83546
0.8404,0.835532
0.8405,0.835604
0.8406,0.835676
0.8407,0.835747
0.8408,0.835819
0.8409,0.835891
0.841,0.835962
0.8411,0.836034
0.8412,0.836105
0.8413,0.836177
0.8414,0.836248
0.8415,0.836319
0.8416,0.836391
0.8417,0.836462
0.8418,0.836533
0.8419,0.836604
0.842,0.836675
0.8421,0.836746
0.8422,0.836817
0.8423,0.836887
0.8424,0.836958
0.8425,0.837029
0.8426,0.837099
0.8427,0.83717
0.8428,0.83724
0.8429,0.837311
0.843,0.837381
0.8431,0.837451
0.8432,0.837521
0.8433,0.837592
0.8434,0.837662
0.8435,0.837732
0.8436,0.837802
0.8437,0.837872
0.8438,0.837941
0.8439,0.838011
0.844,0.838081
0.8441,0.838151
0.8442,0.83822
0.8443,0.83829
0.8444,0.838359
0.8445,0.838429
0.8446,0.838498
0.8447,0.838567
0.8448,0.838636
0.8449,0.838705
0.845,0.838775
0.8451,0.838844
0.8452,0.838913
0.8453,0.838982
0.8454,0.83905
0.8455,0.839119
0.8456,0.839188
0.8457,0.839257
0.8458,0.839325
0.8459,0.839394
0.846,0.839462
0.8461,0.839531
0.8462,0.839599
0.8463,0.839667
0.8464,0.839736
0.8465,0.839804
0.8466,0.839872
0.8467,0.83994
0.8468,0.840008
0.8469,0.840076
0.847,0.840144
0.8471,0.840212
0.8472,0.84028
0.8473,0.840347
0.8474,0.840415
0.8475,0.840483
0.8476,0.84055
0.8477,0.840618
0.8478,0.840685
0.8479,0.840753
0.848,0.84082
0.8481,0.840887
0.8482,0.840954
0.8483,0.841021
0.8484,0.841089
0.8485,0.841156
0.8486,0.841223
0.8487,0.84129
0.8488,0.841356
0.8489,0.841423
0.849,0.84149
0.8491,0.841557
0.8492,0.841623
0.8493,0.84169
0.8494,0.841756
0.8495,0.841823
0.8496,0.841889
0.8497,0.841956
0.8498,0.842022
0.8499,0.842088
0.85,0.842154
0.8501,0.842221
0.8502,0.842287
0.8503,0.842353
0.8504,0.842419
0.8505,0.842485
0.8506,0.84255
0.8507,0.842616
0.8508,0.842682
0.8509,0.842748
0.851,0.842813
0.8511,0.842879
0.8512,0.842944
0.8513,0.84301
0.8514,0.843075
0.8515,0.843141
0.8516,0.843206
0.8517,0.843271
0.8518,0.843336
0.8519,0.843401
0.852,0.843467
0.8521,0.843532
0.8522,0.843597
0.8523,0.843662
0.8524,0.843726
0.8525,0.843791
0.8526,0.843856
0.8527,0.843921
0.8528,0.843985
0.8529,0.84405
0.853,0.844115
0.8531,0.844179
0.8532,0.844243
0.8533,0.844308
0.8534,0.844372
0.8535,0.844436
0.8536,0.844501
0.8537,0.844565
0.8538,0.844629
0.8539,0.844693
0.854,0.844757
0.8541,0.844821
0.8542,0.844885
0.8543,0.844949
0.8544,0.845013
0.8545,0.845076
0.8546,0.84514
0.8547,0.845204
0.8548,0.845267
0.8549,0.845331
0.855,0.845394
0.8551,0.845458
0.8552,0.845521
0.8553,0.845585
0.8554,0.845648
0.8555,0.845711
0.8556,0.845774
0.8557,0.845837
0.8558,0.845901
0.8559,0.845964
0.856,0.846027
0.8561,0.846089
0.8562,0.846152
0.8563,0.846215
0.8564,0.846278
0.8565,0.846341
0.8566,0.846403
0.8567,0.846466
0.8568,0.846529
0.8569,0.846591
0.857,0.846654
0.8571,0.846716
0.8572,0.846778
0.8573,0.846841
0.8574,0.846903
0.8575,0.846965
0.8576,0.847027
0.8577,0.847089
0.8578,0.847152
0.8579,0.847214
0.858,0.847276
0.8581,0.847337
0.8582,0.847399
0.8583,0.847461
0.8584,0.847523
0.8585,0.847585
0.8586,0.847646
0.8587,0.847708
0.8588,0.84777
0.8589,0.847831
0.859,0.847893
0.8591,0.847954
0.8592,0.848015
0.8593,0.848077
0.8594,0.848138
0.8595,0.848199
0.8596,0.84826
0.8597,0.848322
0.8598,0.848383
0.8599,0.848444
0.86,0.848505
0.8601,0.848566
0.8602,0.848627
0.8603,0.848687
0.8604,0.848748
0.8605,0.848809
0.8606,0.84887
0.8607,0.84893
0.8608,0.848991
0.8609,0.849052
0.861,0.849112
0.8611,0.849173
0.8612,0.849233
0.8613,0.849293
0.8614,0.849354
0.8615,0.849415
0.8616,0.849477
0.8617,0.849541
0.8618,0.849612
0.8619,0.849698
0.862,0.849818
0.8621,0.850015
0.8622,0.850358
0.8623,0.850922
0.8624,0.851693
0.8625,0.852525
0.8626,0.853283
0.8627,0.853938
0.8628,0.854509
0.8629,0.855018
0.863,0.855482
0.8631,0.85591
0.8632,0.85631
0.8633,0.856687
0.8634,0.857044
0.8635,0.857384
0.8636,0.85771
0.8637,0.858023
0.8638,0.858324
0.8639,0.858615
0.864,0.858897
0.8641,0.85917
0.8642,0.859436
0.8643,0.859694
0.8644,0.859946
0.8645,0.860192
0.8646,0.860432
0.8647,0.860666
0.8648,0.860896
0.8649,0.861121
0.865,0.861342
0.8651,0.861559
0.8652,0.861772
0.8653,0.861981
0.8654,0.862186
0.8655,0.862388
0.8656,0.862587
0.8657,0.862783
0.8658,0.862976
0.8659,0.863166
0.866,0.863354
0.8661,0.863539
0.8662,0.863721
0.8663,0.863901
0.8664,0.864079
0.8665,0.864255
0.8666,0.864428
0.8667,0.8646
0.8668,0.864769
0.8669,0.864937
0.867,0.865102
0.8671,0.865266
0.8672,0.865428
0.8673,0.865589
0.8674,0.865748
0.8675,0.865905
0.8676,0.866061
0.8677,0.866215
0.8678,0.866368
0.8679,0.866519
0.868,0.866669
0.8681,0.866818
0.8682,0.866965
0.8683,0.867111
0.8684,0.867256
0.8685,0.8674
0.8686,0.867542
0.8687,0.867684
0.8688,0.867824
0.8689,0.867963
0.869,0.868101
0.8691,0.868238
0.8692,0.868374
0.8693,0.868509
0.8694,0.868642
0.8695,0.868775
0.8696,0.868907
0.8697,0.869038
0.8698,0.869169
0.8699,0.869298
0.87,0.869426
0.8701,0.869554
0.8702,0.86968
0.8703,0.869806
0.8704,0.869931
0.8705,0.870056
0.8706,0.870179
0.8707,0.870302
0.8708,0.870424
0.8709,0.870545
0.871,0.870665
0.8711,0.870785
0.8712,0.870904
0.8713,0.871022
0.8714,0.87114
0.8715,0.871257
0.8716,0.871373
0.8717,0.871489
0.8718,0.871604
0.8719,0.871719
0.872,0.871832
0.8721,0.871946
0.8722,0.872058
0.8723,0.87217
0.8724,0.872282
0.8725,0.872392
0.8726,0.872503
0.8727,0.872612
0.8728,0.872721
0.8729,0.87283
0.873,0.872938
0.8731,0.873046
0.8732,0.873153
0.8733,0.828394
0.8734,0.828305
0.8735,0.828216
0.8736,0.828127
0.8737,0.82804
0.8738,0.827952
0.8739,0.827866
0.874,0.827779
0.8741,0.827693
0.8742,0.827608
0.8743,0.827523
0.8744,0.827438
0.8745,0.827354
0.8746,0.827271
0.8747,0.827188
0.8748,0.827105
0.8749,0.827023
0.875,0.826941
0.8751,0.826859
0.8752,0.826778
0.8753,0.826698
0.8754,0.826617
0.8755,0.826538
0.8756,0.826458
0.8757,0.826379
0.8758,0.8263
0.8759,0.826222
0.876,0.826144
0.8761,0.826067
0.8762,0.82599
0.8763,0.825913
0.8764,0.825836
0.8765,0.82576
0.8766,0.825685
0.8767,0.825609
0.8768,0.825534
0.8769,0.82546
0.877,0.825385
0.8771,0.825311
0.8772,0.825238
0.8773,0.825165
0.8774,0.825092
0.8775,0.825019
0.8776,0.824947
0.8777,0.824875
0.8778,0.824803
0.8779,0.824732
0.878,0.824661
0.8781,0.82459
0.8782,0.824519
0.8783,0.824449
0.8784,0.824379
0.8785,0.82431
0.8786,0.824241
0.8787,0.824172
0.8788,0.824103
0.8789,0.824035
0.879,0.823967
0.8791,0.823899
0.8792,0.823831
0.8793,0.823764
0.8794,0.823697
0.8795,0.823631
0.8796,0.823564
0.8797,0.823498
0.8798,0.823432
0.8799,0.823367
0.88,0.823301
0.8801,0.823236
0.8802,0.823171
0.8803,0.823107
0.8804,0.823043
0.8805,0.822979
0.8806,0.822915
0.8807,0.822851
0.8808,0.822788
0.8809,0.822725
0.881,0.822662
0.8811,0.822599
0.8812,0.822537
0.8813,0.822475
0.8814,0.822413
0.8815,0.822352
0.8816,0.82229
0.8817,0.822229
0.8818,0.822168
0.8819,0.822107
0.882,0.822047
0.8821,0.821987
0.8822,0.821927
0.8823,0.821867
0.8824,0.821807
0.8825,0.821748
0.8826,0.821689
0.8827,0.82163
0.8828,0.821571
0.8829,0.821513
0.883,0.821454
0.8831,0.821396
0.8832,0.821338
0.8833,0.821281
0.8834,0.821223
0.8835,0.821166
0.8836,0.821109
0.8837,0.821052
0.8838,0.820995
0.8839,0.820939
0.884,0.820883
0.8841,0.820827
0.8842,0.820771
0.8843,0.820715
0.8844,0.82066
0.8845,0.820604
0.8846,0.820549
0.8847,0.820494
0.8848,0.82044
0.8849,0.820385
0.885,0.820331
0.8851,0.820276
0.8852,0.820222
0.8853,0.820169
0.8854,0.820115
0.8855,0.820062
0.8856,0.820008
0.8857,0.819954
0.8858,0.819887
0.8859,0.819727
0.886,0.819124
0.8861,0.818047
0.8862,0.817204
0.8863,0.816575
0.8864,0.816058
0.8865,0.815611
0.8866,0.815211
0.8867,0.814848
0.8868,0.814514
0.8869,0.814202
0.887,0.81391
0.8871,0.813634
0.8872,0.813372
0.8873,0.813123
0.8874,0.812884
0.8875,0.812656
0.8876,0.812436
0.8877,0.812224
0.8878,0.81202
0.8879,0.811822
0.888,0.81163
0.8881,0.811444
0.8882,0.811264
0.8883,0.811088
0.8884,0.810917
0.8885,0.81075
0.8886,0.810588
0.8887,0.810429
0.8888,0.810274
0.8889,0.810122
0.889,0.809974
0.8891,0.809828
0.8892,0.809686
0.8893,0.809546
0.8894,0.80941
0.8895,0.809275
0.8896,0.809144
0.8897,0.809014
0.8898,0.808887
0.8899,0.808762
0.89,0.808639
0.8901,0.808518
0.8902,0.808399
0.8903,0.808282
0.8904,0.808167
0.8905,0.808054
0.8906,0.807942
0.8907,0.807832
0.8908,0.807724
0.8909,0.807617
0.891,0.807509
0.8911,0.807193
0.8912,0.806609
0.8913,0.806266
0.8914,0.806001
0.8915,0.805777
0.8916,0.805579
0.8917,0.805399
0.8918,0.805234
0.8919,0.80508
0.892,0.804935
0.8921,0.804799
0.8922,0.804767
0.8923,0.804326
0.8924,0.810565
0.8925,0.808331
0.8926,0.810301
0.8927,0.810988
0.8928,0.808458
0.8929,0.80871
0.893,0.809173
0.8931,0.833815
0.8932,0.821947
0.8933,0.84345
0.8934,0.825763
0.8935,0.844427
0.8936,0.819844
0.8937,0.846724
0.8938,0.841471
0.8939,0.846943
0.894,0.833548
0.8941,0.816718
0.8942,0.801104
0.8943,0.808005
0.8944,0.800397
0.8945,0.817685
0.8946,0.848619
0.8947,0.820716
0.8948,0.805176
0.8949,0.849888
0.895,0.823901
0.8951,0.801418
0.8952,0.831116
0.8953,0.80612
0.8954,0.85439
0.8955,0.854848
0.8956,0.798029
0.8957,0.79789
0.8958,0.835134
0.8959,0.829107
0.896,0.835923
0.8961,0.83676
0.8962,0.858248
0.8963,0.84489
0.8964,0.842258
0.8965,0.855711
0.8966,0.854535
0.8967,0.823642
0.8968,0.808757
0.8969,0.830121
0.897,0.859091
0.8971,0.799388
0.8972,0.79558
0.8973,0.817993
0.8974,0.863106
0.8975,0.857704
0.8976,0.852442
0.8977,0.80848
0.8978,0.865082
0.8979,0.863183
0.898,0.800267
0.8981,0.854388
0.8982,0.852826
0.8983,0.86893
0.8984,0.869742
0.8985,0.861674
0.8986,0.884712
0.8987,0.870059
0.8988,0.855322
0.8989,0.829772
0.899,0.881816
0.8991,0.863955
0.8992,0.841392
0.8993,0.886287
0.8994,0.871349
0.8995,0.8771
0.8996,0.790321
0.8997,0.833643
0.8998,0.864319
0.8999,0.830701
0.9,0.899872
0.9001,0.82582
0.9002,0.820799
0.9003,0.793331
0.9004,0.862908
0.9005,0.875571
0.9006,0.882704
0.9007,0.869944
0.9008,0.809519
0.9009,0.802557
0.901,0.787821
0.9011,0.87623
0.9012,0.786251
0.9013,0.880785
0.9014,0.886661
0.9015,0.784942
0.9016,0.785361
0.9017,0.784448
0.9018,0.888416
0.9019,0.795726
0.902,0.855535
0.9021,0.897275
0.9022,0.893476
0.9023,0.784513
0.9024,0.863316
0.9025,0.888011
0.9026,0.858486
0.9027,0.876869
0.9028,0.901292
0.9029,0.888136
0.903,0.826583
0.9031,0.873898
0.9032,0.870382
0.9033,0.893621
0.9034,0.851638
0.9035,0.785145
0.9036,0.829992
0.9037,0.886137
0.9038,0.902692
0.9039,0.860356
0.904,0.853218
0.9041,0.879189
0.9042,0.788322
0.9043,0.780045
0.9044,0.882901
0.9045,0.890639
0.9046,0.812451
0.9047,0.895307
0.9048,0.881517
0.9049,0.887826
0.905,0.847001
0.9051,0.788332
0.9052,0.813471
0.9053,0.790994
0.9054,0.845567
0.9055,0.88792
0.9056,0.904551
0.9057,0.905365
0.9058,0.904353
0.9059,0.873335
0.906,0.902596
0.9061,0.79869
0.9062,0.899406
0.9063,0.889171
0.9064,0.85223
0.9065,0.776443
0.9066,0.90531
0.9067,0.771522
0.9068,0.771086
0.9069,0.770776
0.907,0.770522
0.9071,0.907078
0.9072,0.907157
0.9073,0.907231
0.9074,0.76976
0.9075,0.769605
0.9076,0.769646
0.9077,0.830492
0.9078,0.768204
0.9079,0.771035
0.908,0.771277
0.9081,0.770825
0.9082,0.828841
0.9083,0.83012
0.9084,0.826199
0.9085,0.908499
0.9086,0.766951
0.9087,0.77288
0.9088,0.851875
0.9089,0.82947
0.909,0.824069
0.9091,0.765113
0.9092,0.909196
0.9093,0.906973
0.9094,0.900348
0.9095,0.764744
0.9096,0.771579
0.9097,0.818766
0.9098,0.888541
0.9099,0.833795
0.91,0.823279
0.9101,0.902764
0.9102,0.784571
0.9103,0.868755
0.9104,0.870707
0.9105,0.900197
0.9106,0.816028
0.9107,0.808806
0.9108,0.818958
0.9109,0.766235
0.911,0.789156
0.9111,0.768817
0.9112,0.771164
0.9113,0.757706
0.9114,0.811821
0.9115,0.846891
0.9116,0.891099
0.9117,0.823038
0.9118,0.837036
0.9119,0.839828
0.912,0.755856
0.9121,0.790531
0.9122,0.88703
0.9123,0.754473
0.9124,0.910486
0.9125,0.854127
0.9126,0.90963
0.9127,0.911288
0.9128,0.806938
0.9129,0.864602
0.913,0.81167
0.9131,0.905012
0.9132,0.896208
0.9133,0.877734
0.9134,0.855653
0.9135,0.902996
0.9136,0.874961
0.9137,0.791162
0.9138,0.891344
0.9139,0.866077
0.914,0.836504
0.9141,0.873548
0.9142,0.782541
0.9143,0.808627
0.9144,0.87003
0.9145,0.887288
0.9146,0.907482
0.9147,0.819342
0.9148,0.899838
0.9149,0.7538
0.915,0.872751
0.9151,0.793344
0.9152,0.760682
0.9153,0.879792
0.9154,0.912382
0.9155,0.8165
0.9156,0.770661
0.9157,0.8393
0.9158,0.810434
0.9159,0.85861
0.916,0.848167
0.9161,0.914616
0.9162,0.896079
0.9163,0.859866
0.9164,0.75491
0.9165,0.801365
0.9166,0.871367
0.9167,0.774104
0.9168,0.740002
0.9169,0.884662
0.917,0.808865
0.9171,0.755842
0.9172,0.9172
0.9173,0.817516
0.9174,0.828942
0.9175,0.831996
0.9176,0.783357
0.9177,0.869552
0.9178,0.866184
0.9179,0.857331
0.918,0.848581
0.9181,0.747225
0.9182,0.899564
0.9183,0.877991
0.9184,0.903399
0.9185,0.753281
0.9186,0.837637
0.9187,0.901366
0.9188,0.773881
0.9189,0.816052
0.919,0.825242
0.9191,0.828773
0.9192,0.730283
0.9193,0.764192
0.9194,0.871763
0.9195,0.731914
0.9196,0.919594
0.9197,0.699767
0.9198,0.698436
0.9199,0.651541
0.92,0.917297
0.9201,0.475576
0.9202,0.339481
0.9203,0.910293
0.9204,0.71463
0.9205,0.631828
0.9206,0.822341
0.9207,0.727121
0.9208,0.785186
0.9209,0.700922
0.921,0.713727
0.9211,0.71593
0.9212,0.624213
0.9213,0.800939
0.9214,0.909011
0.9215,0.824447
0.9216,0.912516
0.9217,0.900961
0.9218,0.921799
0.9219,0.596404
0.922,0.921256
0.9221,0.868907
0.9222,0.824989
0.9223,0.291969
0.9224,0.639473
0.9225,0.876924
0.9226,0.354123
0.9227,0.839484
0.9228,0.865827
0.9229,0.638229
0.923,0.91427
0.9231,0.391746
0.9232,0.7152
0.9233,0.591995
0.9234,0.759005
0.9235,0.921491
0.9236,0.770881
0.9237,0.646364
0.9238,0.372039
0.9239,0.327389
0.924,0.73623
0.9241,0.501898
0.9242,0.881678
0.9243,0.772535
0.9244,0.70799
0.9245,0.692204
0.9246,0.497608
0.9247,0.723899
0.9248,0.271868
0.9249,0.90274
0.925,0.436657
0.9251,0.507359
0.9252,0.793277
0.9253,0.343328
0.9254,0.687088
0.9255,0.703816
0.9256,0.841643
0.9257,0.704538
0.9258,0.923251
0.9259,0.800776
0.926,0.703736
0.9261,0.366585
0.9262,0.909558
0.9263,0.751746
0.9264,0.773743
0.9265,0.672222
0.9266,0.831513
0.9267,0.923712
0.9268,0.888434
0.9269,0.83951
0.927,0.722999
0.9271,0.783801
0.9272,0.255986
0.9273,0.739331
0.9274,0.926408
0.9275,0.813413
0.9276,0.790307
0.9277,0.71994
0.9278,0.573419
0.9279,0.777057
0.928,0.798469
0.9281,0.564304
0.9282,0.754488
0.9283,0.336118
0.9284,0.467119
0.9285,0.402443
0.9286,0.887523
0.9287,0.726384
0.9288,0.515876
0.9289,0.441815
0.929,0.86948
0.9291,0.263534
0.9292,0.753196
0.9293,0.593864
0.9294,0.629049
0.9295,0.569676
0.9296,0.649709
0.9297,0.413515
0.9298,0.857221
0.9299,0.733518
0.93,0.247817
0.9301,0.627753
0.9302,0.743535
0.9303,0.859892
0.9304,0.867109
0.9305,0.879893
0.9306,0.683358
0.9307,0.921224
0.9308,0.797093
0.9309,0.246281
0.931,0.695904
0.9311,0.579368
0.9312,0.782719
0.9313,0.914141
0.9314,0.830908
0.9315,0.317279
0.9316,0.931562
0.9317,0.864484
0.9318,0.284396
0.9319,0.241444
0.932,0.7703
0.9321,0.656735
0.9322,0.801038
0.9323,0.892998
0.9324,0.674515
0.9325,0.553209
0.9326,0.87153
0.9327,0.692646
0.9328,0.66741
0.9329,0.358785
0.933,0.915095
0.9331,0.618688
0.9332,0.915457
0.9333,0.277866
0.9334,0.904308
0.9335,0.734231
0.9336,0.817697
0.9337,0.832888
0.9338,0.231171
0.9339,0.503992
0.934,0.833135
0.9341,0.718173
0.9342,0.32402
0.9343,0.725327
0.9344,0.396149
0.9345,0.837511
0.9346,0.228611
0.9347,0.840767
0.9348,0.227917
0.9349,0.227682
0.935,0.227476
0.9351,0.227292
0.9352,0.227124
0.9353,0.226639
0.9354,0.226112
0.9355,0.225797
0.9356,0.225548
0.9357,0.22519
0.9358,0.225274
0.9359,0.225029
0.936,0.224343
0.9361,0.228295
0.9362,0.934476
0.9363,0.852295
0.9364,0.687237
0.9365,0.649267
0.9366,0.676667
0.9367,0.63741
0.9368,0.682092
0.9369,0.415294
0.937,0.757808
0.9371,0.223871
0.9372,0.651144
0.9373,0.929532
0.9374,0.532883
0.9375,0.263004
0.9376,0.472739
0.9377,0.486714
0.9378,0.694488
0.9379,0.575647
0.938,0.926663
0.9381,0.363528
0.9382,0.328092
0.9383,0.59595
0.9384,0.861233
0.9385,0.873411
0.9386,0.735644
0.9387,0.235204
0.9388,0.32849
0.9389,0.919287
0.939,0.815878
0.9391,0.821291
0.9392,0.937616
0.9393,0.605646
0.9394,0.638325
0.9395,0.218207
0.9396,0.615399
0.9397,0.725688
0.9398,0.574821
0.9399,0.835525
0.94,0.904706
0.9401,0.767252
0.9402,0.786687
0.9403,0.85165
0.9404,0.492832
0.9405,0.82675
0.9406,0.217807
0.9407,0.477422
0.9408,0.861937
0.9409,0.478366
0.941,0.213052
0.9411,0.740687
0.9412,0.61432
0.9413,0.880689
0.9414,0.663324
0.9415,0.934453
0.9416,0.207113
0.9417,0.378
0.9418,0.311352
0.9419,0.761864
0.942,0.794521
0.9421,0.778209
0.9422,0.563091
0.9423,0.853001
0.9424,0.846453
0.9425,0.463809
0.9426,0.714567
0.9427,0.800513
0.9428,0.799146
0.9429,0.93812
0.943,0.467096
0.9431,0.318064
0.9432,0.853017
0.9433,0.869044
0.9434,0.279028
0.9435,0.635688
0.9436,0.943587
0.9437,0.60647
0.9438,0.234631
0.9439,0.515797
0.944,0.653312
0.9441,0.358098
0.9442,0.944121
0.9443,0.944081
0.9444,0.611726
0.9445,0.80442
0.9446,0.31807
0.9447,0.382092
0.9448,0.893744
0.9449,0.600111
0.945,0.905642
0.9451,0.777495
0.9452,0.838124
0.9453,0.940311
0.9454,0.724538
0.9455,0.347713
0.9456,0.845093
0.9457,0.209131
0.9458,0.365219
0.9459,0.939064
0.946,0.605367
0.9461,0.374225
0.9462,0.938644
0.9463,0.288211
0.9464,0.946302
0.9465,0.84021
0.9466,0.942692
0.9467,0.832011
0.9468,0.310053
0.9469,0.623387
0.947,0.495164
0.9471,0.940502
0.9472,0.582435
0.9473,0.21542
0.9474,0.351381
0.9475,0.190038
0.9476,0.726076
0.9477,0.889721
0.9478,0.947147
0.9479,0.761709
0.948,0.882398
0.9481,0.894384
0.9482,0.931694
0.9483,0.540166
0.9484,0.739227
0.9485,0.848325
0.9486,0.573088
0.9487,0.250935
0.9488,0.805698
0.9489,0.798208
0.949,0.319352
0.9491,0.82703
0.9492,0.913953
0.9493,0.937136
0.9494,0.635675
0.9495,0.928938
0.9496,0.601414
0.9497,0.868828
0.9498,0.934392
0.9499,0.929483
0.95,0.2
0.9501,0.838827
0.9502,0.666851
0.9503,0.774818
0.9504,0.388312
0.9505,0.905279
0.9506,0.68836
0.9507,0.245873
0.9508,0.426578
0.9509,0.920167
0.951,0.935238
0.9511,0.408501
0.9512,0.254902
0.9513,0.635768
0.9514,0.41765
0.9515,0.635448
0.9516,0.540562
0.9517,0.790565
0.9518,0.805017
0.9519,0.748691
0.952,0.92404
0.9521,0.571731
0.9522,0.203705
0.9523,0.906748
0.9524,0.602389
0.9525,0.943099
0.9526,0.307755
0.9527,0.878601
0.9528,0.864163
0.9529,0.408649
0.953,0.858986
0.9531,0.232821
0.9532,0.826522
0.9533,0.431331
0.9534,0.947104
0.9535,0.492361
0.9536,0.548868
0.9537,0.28177
0.9538,0.683328
0.9539,0.719929
0.954,0.532089
0.9541,0.740568
0.9542,0.543861
0.9543,0.913177
0.9544,0.328491
0.9545,0.872148
0.9546,0.837541
0.9547,0.203716
0.9548,0.717349
0.9549,0.176272
0.955,0.915197
0.9551,0.275462
0.9552,0.168077
0.9553,0.538475
0.9554,0.937074
0.9555,0.185981
0.9556,0.953828
0.9557,0.906262
0.9558,0.701671
0.9559,0.384923
0.956,0.942578
0.9561,0.954429
0.9562,0.948991
0.9563,0.799035
0.9564,0.953925
0.9565,0.685832
0.9566,0.951851
0.9567,0.461397
0.9568,0.942247
0.9569,0.570577
0.957,0.576493
0.9571,0.716312
0.9572,0.956844
0.9573,0.157293
0.9574,0.957263
0.9575,0.957417
0.9576,0.957553
0.9577,0.957677
0.9578,0.957792
0.9579,0.957899
0.958,0.958
0.9581,0.958096
0.9582,0.958187
0.9583,0.153266
0.9584,0.49676
0.9585,0.958441
0.9586,0.95852
0.9587,0.152198
0.9588,0.494214
0.9589,0.958744
0.959,0.151479
0.9591,0.151252
0.9592,0.958952
0.9593,0.491423
0.9594,0.959083
0.9595,0.150392
0.9596,0.150187
0.9597,0.95927
0.9598,0.95933
0.9599,0.488465
0.96,0.149407
0.9601,0.14922
0.9602,0.959561
0.9603,0.148854
0.9604,0.95992
0.9605,0.960245
0.9606,0.151426
0.9607,0.495227
0.9608,0.960753
0.9609,0.958517
0.961,0.144093
0.9611,0.499619
0.9612,0.472264
0.9613,0.471439
0.9614,0.470657
0.9615,0.502886
0.9616,0.503608
0.9617,0.5043
0.9618,0.504967
0.9619,0.505171
0.962,0.509597
0.9621,0.464253
0.9622,0.463448
0.9623,0.468191
0.9624,0.492689
0.9625,0.462231
0.9626,0.147985
0.9627,0.459572
0.9628,0.956334
0.9629,0.962894
0.963,0.491389
0.9631,0.527301
0.9632,0.489804
0.9633,0.958968
0.9634,0.160767
0.9635,0.135546
0.9636,0.963242
0.9637,0.963122
0.9638,0.144164
0.9639,0.448937
0.964,0.964
0.9641,0.957946
0.9642,0.95497
0.9643,0.948313
0.9644,0.31876
0.9645,0.961126
0.9646,0.955327
0.9647,0.920959
0.9648,0.131668
0.9649,0.952737
0.965,0.577028
0.9651,0.505967
0.9652,0.856654
0.9653,0.456094
0.9654,0.444963
0.9655,0.172001
0.9656,0.738415
0.9657,0.957155
0.9658,0.684435
0.9659,0.58682
0.966,0.469898
0.9661,0.189733
0.9662,0.829541
0.9663,0.966081
0.9664,0.125554
0.9665,0.953761
0.9666,0.826583
0.9667,0.127787
0.9668,0.877572
0.9669,0.720659
0.967,0.141114
0.9671,0.662973
0.9672,0.482981
0.9673,0.158975
0.9674,0.440104
0.9675,0.627358
0.9676,0.180481
0.9677,0.199208
0.9678,0.680303
0.9679,0.122347
0.968,0.444259
0.9681,0.130682
0.9682,0.962643
0.9683,0.341327
0.9684,0.17552
0.9685,0.503416
0.9686,0.795047
0.9687,0.720738
0.9688,0.81154
0.9689,0.779563
0.969,0.494101
0.9691,0.552858
0.9692,0.770755
0.9693,0.143249
0.9694,0.963261
0.9695,0.942921
0.9696,0.773621
0.9697,0.185738
0.9698,0.726627
0.9699,0.648849
0.97,0.959833
0.9701,0.518582
0.9702,0.440054
0.9703,0.210126
0.9704,0.736758
0.9705,0.913618
0.9706,0.252926
0.9707,0.723521
0.9708,0.110265
0.9709,0.174851
0.971,0.967759
0.9711,0.123546
0.9712,0.383627
0.9713,0.853846
0.9714,0.899105
0.9715,0.377096
0.9716,0.971551
0.9717,0.74151
0.9718,0.40355
0.9719,0.207651
0.972,0.96548
0.9721,0.971785
0.9722,0.743353
0.9723,0.105802
0.9724,0.431437
0.9725,0.957527
0.9726,0.404441
0.9727,0.750912
0.9728,0.351985
0.9729,0.970644
0.973,0.894338
0.9731,0.753818
0.9732,0.124613
0.9733,0.348032
0.9734,0.101634
0.9735,0.819274
0.9736,0.856377
0.9737,0.838361
0.9738,0.883964
0.9739,0.840454
0.974,0.903411
0.9741,0.206225
0.9742,0.672902
0.9743,0.111714
0.9744,0.949544
0.9745,0.698449
0.9746,0.383205
0.9747,0.595884
0.9748,0.770119
0.9749,0.65611
0.975,0.884413
0.9751,0.843165
0.9752,0.61925
0.9753,0.0939957
0.9754,0.521494
0.9755,0.880246
0.9756,0.349852
0.9757,0.470273
0.9758,0.217368
0.9759,0.149259
0.976,0.42654
0.9761,0.917508
0.9762,0.522392
0.9763,0.222595
0.9764,0.849811
0.9765,0.848468
0.9766,0.849331
0.9767,0.0907873
0.9768,0.783695
0.9769,0.133637
0.977,0.325274
0.9771,0.765087
0.9772,0.520068
0.9773,0.890658
0.9774,0.121312
0.9775,0.11655
0.9776,0.157051
0.9777,0.973459
0.9778,0.165139
0.9779,0.494596
0.978,0.871741
0.9781,0.71298
0.9782,0.10566
0.9783,0.867671
0.9784,0.535444
0.9785,0.221038
0.9786,0.627286
0.9787,0.136189
0.9788,0.600159
0.9789,0.833485
0.979,0.0840581
0.9791,0.833859
0.9792,0.906383
0.9793,0.909169
0.9794,0.145052
0.9795,0.598081
0.9796,0.101913
0.9797,0.405328
0.9798,0.818021
0.9799,0.296764
0.98,0.326865
0.9801,0.408382
0.9802,0.286796
0.9803,0.343769
0.9804,0.485441
0.9805,0.486885
0.9806,0.294397
0.9807,0.164535
0.9808,0.798014
0.9809,0.694483
0.981,0.769231
0.9811,0.186453
0.9812,0.113477
0.9813,0.882857
0.9814,0.871123
0.9815,0.965486
0.9816,0.771652
0.9817,0.659867
0.9818,0.117592
0.9819,0.760926
0.982,0.761925
0.9821,0.739852
0.9822,0.913967
0.9823,0.553591
0.9824,0.848842
0.9825,0.876064
0.9826,0.578331
0.9827,0.872204
0.9828,0.875276
0.9829,0.8133
0.983,0.910061
0.9831,0.935501
0.9832,0.784117
0.9833,0.481036
0.9834,0.795898
0.9835,0.213327
0.9836,0.826654
0.9837,0.690804
0.9838,0.563511
0.9839,0.770317
0.984,0.703102
0.9841,0.0742924
0.9842,0.66801
0.9843,0.365804
0.9844,0.0604789
0.9845,0.980085
0.9846,0.457832
0.9847,0.071021
0.9848,0.761717
0.9849,0.934788
0.985,0.0607756
0.9851,0.526555
0.9852,0.50029
0.9853,0.623757
0.9854,0.0618879
0.9855,0.606103
0.9856,0.0563035
0.9857,0.603032
0.9858,0.381027
0.9859,0.825463
0.986,0.0991558
0.9861,0.766766
0.9862,0.753186
0.9863,0.193259
0.9864,0.33936
0.9865,0.919035
0.9866,0.058648
0.9867,0.835175
0.9868,0.650667
0.9869,0.647051
0.987,0.487033
0.9871,0.974134
0.9872,0.0819754
0.9873,0.440542
0.9874,0.719803
0.9875,0.196198
0.9876,0.980848
0.9877,0.729627
0.9878,0.185235
0.9879,0.158992
0.988,0.801028
0.9881,0.96618
0.9882,0.440408
0.9883,0.398006
0.9884,0.98826
0.9885,0.135844
0.9886,0.968123
0.9887,0.287646
0.9888,0.615585
0.9889,0.095283
0.989,0.529692
0.9891,0.277111
0.9892,0.588207
0.9893,0.981713
0.9894,0.6211
0.9895,0.952491
0.9896,0.269457
0.9897,0.221635
0.9898,0.515303
0.9899,0.773635
0.99,0.959121
0.9901,0.147837
0.9902,0.498205
0.9903,0.491093
0.9904,0.0399463
0.9905,0.766142
0.9906,0.248986
0.9907,0.835715
0.9908,0.693369
0.9909,0.6513
0.991,0.142212
0.9911,0.691331
0.9912,0.988306
0.9913,0.366866
0.9914,0.972921
0.9915,0.0421908
0.9916,0.876973
0.9917,0.0522111
0.9918,0.859038
0.9919,0.226847
0.992,0.970092
0.9921,0.517047
0.9922,0.082497
0.9923,0.129093
0.9924,0.0306834
0.9925,0.128621
0.9926,0.554616
0.9927,0.376767
0.9928,0.645929
0.9929,0.248925
0.993,0.594543
0.9931,0.0437573
0.9932,0.943542
0.9933,0.988885
0.9934,0.981638
0.9935,0.0380392
0.9936,0.993574
0.9937,0.380669
0.9938,0.528519
0.9939,0.980664
0.994,0.993042
0.9941,0.558763
0.9942,0.808485
0.9943,0.837795
0.9944,0.397002
0.9945,0.0362026
0.9946,0.904926
0.9947,0.342801
0.9948,0.757165
0.9949,0.484943
0.995,0.530933
0.9951,0.487613
0.9952,0.994002
0.9953,0.0190754
0.9954,0.188481
0.9955,0.0390006
0.9956,0.695658
0.9957,0.993863
0.9958,0.574529
0.9959,0.42995
0.996,0.269043
0.9961,0.391811
0.9962,0.924826
0.9963,0.996245
0.9964,0.633501
0.9965,0.910731
0.9966,0.458321
0.9967,0.717507
0.9968,0.586483
0.9969,0.919508
0.997,0.970101
0.9971,0.0128545
0.9972,0.557957
0.9973,0.188413
0.9974,0.882182
0.9975,0.614232
0.9976,0.925845
0.9977,0.0513099
0.9978,0.288255
0.9979,0.124928
0.998,0.527506
0.9981,0.0100219
0.9982,0.0872555
0.9983,0.0663404
0.9984,0.225784
0.9985,0.99246
0.9986,0.736939
0.9987,0.900221
0.9988,0.983624
0.9989,0.286042
0.999,0.491189
0.9991,0.344967
0.9992,0.579703
0.9993,0.635257
0.9994,0.0100302
0.9995,0.949002
0.9996,0.529349
0.9997,0.234345
0.9998,0.953533
0.9999,0.128996
1,0.20005
