0,1e-10
0.4,1e-10
0.8,2.6e-10
1.2,6.76e-10
1.6,1.7576e-09
2,4.56976e-09
2.4,1.18814e-08
2.8,3.08916e-08
3.2,8.03181e-08
3.6,2.08827e-07
4,5.4295e-07
4.4,1.41167e-06
4.8,3.67034e-06
5.2,9.54286e-06
5.6,2.48113e-05
6,6.45084e-05
6.4,0.000167715
6.8,0.000436014
7.2,0.00113333
7.6,0.00294461
8,0.00764211
8.4,0.0197761
8.8,0.050792
9.2,0.127931
9.6,0.306435
10,0.646488
10.4,1.01215
10.8,0.992471
11.2,1.00443
11.6,0.997313
12,1.0016
12.4,0.999035
12.8,1.00058
13.2,0.999653
13.6,1.00021
14,0.999875
14.4,1.00007
14.8,0.999955
15.2,1.00003
15.6,0.999984
16,1.00001
16.4,0.999994
16.8,1
17.2,0.999998
17.6,1
18,0.999999
18.4,1
18.8,1
19.2,1
19.6,1
20,1
20.4,1
20.8,1
21.2,1
21.6,1
22,1
22.4,1
22.8,1
23.2,1
23.6,1
24,1
24.4,1
24.8,1
25.2,1
25.6,1
26,1
26.4,1
26.8,1
27.2,1
27.6,1
28,1
28.4,1
28.8,1
29.2,1
29.6,1
30,1
30.4,1
30.8,1
31.2,1
31.6,1
32,1
32.4,1
32.8,1
33.2,1
33.6,1
34,1
34.4,1
34.8,1
35.2,1
35.6,1
36,1
36.4,1
36.8,1
37.2,1
37.6,1
38,1
38.4,1
38.8,1
39.2,1
39.6,1
40,1
