0,1e-10
0.74,3.96e-10
1.48,1.56816e-09
2.22,6.20991e-09
2.96,2.45913e-08
3.7,9.73814e-08
4.44,3.8563e-07
5.18,1.5271e-06
5.92,6.04729e-06
6.66,2.39472e-05
7.4,9.48291e-05
8.14,0.000375496
8.88,0.00148655
9.62,0.00588019
10.36,0.0231832
11.1,0.0902146
11.84,0.333159
12.58,0.990766
13.32,1.01785
14.06,0.964077
14.8,1.06659
15.54,0.85636
16.28,1.22046
17.02,0.424027
17.76,1.14694
18.5,0.648082
19.24,1.32317
19.98,0.0574312
20.72,0.217665
21.46,0.721713
22.2,1.31621
22.94,0.0842645
23.68,0.31267
24.42,0.948796
25.16,1.0926
25.9,0.793125
26.64,1.2788
27.38,0.223489
28.12,0.737173
28.86,1.31067
29.6,0.105401
30.34,0.384503
31.08,1.08502
31.82,0.811971
32.56,1.26389
33.3,0.276662
34.04,0.869017
34.78,1.20594
35.52,0.470809
36.26,1.20829
37,0.463342
37.74,1.19936
38.48,0.491596
39.22,1.23139
39.96,0.388004
40.7,1.09088
41.44,0.797435
42.18,1.27557
42.92,0.2351
43.66,0.767392
44.4,1.29576
45.14,0.161399
45.88,0.562034
46.62,1.29064
47.36,0.180297
48.1,0.617755
48.84,1.31671
49.58,0.0823415
50.32,0.306003
51.06,0.934604
51.8,1.11552
52.54,0.734088
53.28,1.31189
54.02,0.100767
54.76,0.368983
55.5,1.05817
56.24,0.875964
56.98,1.19757
57.72,0.497219
58.46,1.2372
59.2,0.368559
59.94,1.05742
60.68,0.877698
61.42,1.19544
62.16,0.503884
62.9,1.24384
63.64,0.346082
64.38,1.01596
65.12,0.967971
65.86,1.05974
66.6,0.872343
67.34,1.20197
68.08,0.483394
68.82,1.22258
69.56,0.417108
70.3,1.13677
71.04,0.676564
71.78,1.32429
72.52,0.0531198
73.26,0.202002
74,0.679146
