0,1e-10
0.77,4.08e-10
1.54,1.66464e-09
2.31,6.79173e-09
3.08,2.77103e-08
3.85,1.13058e-07
4.62,4.61276e-07
5.39,1.88201e-06
6.16,7.67857e-06
6.93,3.13284e-05
7.7,0.000127817
8.47,0.000521442
9.24,0.00212665
10.01,0.00866279
10.78,0.0351131
11.55,0.139464
12.32,0.509106
13.09,1.27885
13.86,0.180497
14.63,0.636085
15.4,1.34905
16.17,-0.101262
16.94,-0.444731
17.71,-2.42368
18.48,-27.9812
19.25,-2525.64
20.02,-1.96572e+07
20.79,-1.19013e+15
21.56,-4.36256e+30
22.33,-5.86185e+61
23.1,-1.05833e+124
23.87,-3.44977e+248
24.64,-inf
25.41,-inf
26.18,-inf
26.95,-inf
27.72,-inf
28.49,-inf
29.26,-inf
30.03,-inf
30.8,-inf
31.57,-inf
32.34,-inf
33.11,-inf
33.88,-inf
34.65,-inf
35.42,-inf
36.19,-inf
36.96,-inf
37.73,-inf
38.5,-inf
39.27,-inf
40.04,-inf
40.81,-inf
41.58,-inf
42.35,-inf
43.12,-inf
43.89,-inf
44.66,-inf
45.43,-inf
46.2,-inf
46.97,-inf
47.74,-inf
48.51,-inf
49.28,-inf
50.05,-inf
50.82,-inf
51.59,-inf
52.36,-inf
53.13,-inf
53.9,-inf
54.67,-inf
55.44,-inf
56.21,-inf
56.98,-inf
57.75,-inf
58.52,-inf
59.29,-inf
60.06,-inf
60.83,-inf
61.6,-inf
62.37,-inf
63.14,-inf
63.91,-inf
64.68,-inf
65.45,-inf
66.22,-inf
66.99,-inf
67.76,-inf
68.53,-inf
69.3,-inf
70.07,-inf
70.84,-inf
71.61,-inf
72.38,-inf
73.15,-inf
73.92,-inf
74.69,-inf
75.46,-inf
76.23,-inf
77,-inf
