0.4001,1
0.4002,1
0.4003,1
0.4004,1
0.4005,1
0.4006,1
0.4007,1
0.4008,1
0.4009,1
0.401,1
0.4011,1
0.4012,1
0.4013,1
0.4014,1
0.4015,1
0.4016,1
0.4017,1
0.4018,1
0.4019,1
0.402,1
0.4021,1
0.4022,1
0.4023,1
0.4024,1
0.4025,1
0.4026,1
0.4027,1
0.4028,1
0.4029,1
0.403,1
0.4031,1
0.4032,1
0.4033,1
0.4034,1
0.4035,1
0.4036,1
0.4037,1
0.4038,1
0.4039,1
0.404,1
0.4041,1
0.4042,1
0.4043,1
0.4044,1
0.4045,1
0.4046,1
0.4047,1
0.4048,1
0.4049,1
0.405,1
0.4051,1
0.4052,1
0.4053,1
0.4054,1
0.4055,1
0.4056,1
0.4057,1
0.4058,1
0.4059,1
0.406,1
0.4061,1
0.4062,1
0.4063,1
0.4064,1
0.4065,1
0.4066,1
0.4067,1
0.4068,1
0.4069,1
0.407,1
0.4071,1
0.4072,1
0.4073,1
0.4074,1
0.4075,1
0.4076,1
0.4077,1
0.4078,1
0.4079,1
0.408,1
0.4081,1
0.4082,1
0.4083,1
0.4084,1
0.4085,1
0.4086,1
0.4087,1
0.4088,1
0.4089,1
0.409,1
0.4091,1
0.4092,1
0.4093,1
0.4094,1
0.4095,1
0.4096,1
0.4097,1
0.4098,1
0.4099,1
0.41,1
0.4101,1
0.4102,1
0.4103,1
0.4104,1
0.4105,1
0.4106,1
0.4107,1
0.4108,1
0.4109,1
0.411,1
0.4111,1
0.4112,1
0.4113,1
0.4114,1
0.4115,1
0.4116,1
0.4117,1
0.4118,1
0.4119,1
0.412,1
0.4121,1
0.4122,1
0.4123,1
0.4124,1
0.4125,1
0.4126,1
0.4127,1
0.4128,1
0.4129,1
0.413,1
0.4131,1
0.4132,1
0.4133,1
0.4134,1
0.4135,1
0.4136,1
0.4137,1
0.4138,1
0.4139,1
0.414,1
0.4141,1
0.4142,1
0.4143,1
0.4144,1
0.4145,1
0.4146,1
0.4147,1
0.4148,1
0.4149,1
0.415,1
0.4151,1
0.4152,1
0.4153,1
0.4154,1
0.4155,1
0.4156,1
0.4157,1
0.4158,1
0.4159,1
0.416,1
0.4161,1
0.4162,1
0.4163,1
0.4164,1
0.4165,1
0.4166,1
0.4167,1
0.4168,1
0.4169,1
0.417,1
0.4171,1
0.4172,1
0.4173,1
0.4174,1
0.4175,1
0.4176,1
0.4177,1
0.4178,1
0.4179,1
0.418,1
0.4181,1
0.4182,1
0.4183,1
0.4184,1
0.4185,1
0.4186,1
0.4187,1
0.4188,1
0.4189,1
0.419,1
0.4191,1
0.4192,1
0.4193,1
0.4194,1
0.4195,1
0.4196,1
0.4197,1
0.4198,1
0.4199,1
0.42,1
0.4201,1
0.4202,1
0.4203,1
0.4204,1
0.4205,1
0.4206,1
0.4207,1
0.4208,1
0.4209,1
0.421,1
0.4211,1
0.4212,1
0.4213,1
0.4214,1
0.4215,1
0.4216,1
0.4217,1
0.4218,1
0.4219,1
0.422,1
0.4221,1
0.4222,1
0.4223,1
0.4224,1
0.4225,1
0.4226,1
0.4227,1
0.4228,1
0.4229,1
0.423,1
0.4231,1
0.4232,1
0.4233,1
0.4234,1
0.4235,1
0.4236,1
0.4237,1
0.4238,1
0.4239,1
0.424,1
0.4241,1
0.4242,1
0.4243,1
0.4244,1
0.4245,1
0.4246,1
0.4247,1
0.4248,1
0.4249,1
0.425,1
0.4251,1
0.4252,1
0.4253,1
0.4254,1
0.4255,1
0.4256,1
0.4257,1
0.4258,1
0.4259,1
0.426,1
0.4261,1
0.4262,1
0.4263,1
0.4264,1
0.4265,1
0.4266,1
0.4267,1
0.4268,1
0.4269,1
0.427,1
0.4271,1
0.4272,1
0.4273,1
0.4274,1
0.4275,1
0.4276,1
0.4277,1
0.4278,1
0.4279,1
0.428,1
0.4281,1
0.4282,1
0.4283,1
0.4284,1
0.4285,1
0.4286,1
0.4287,1
0.4288,1
0.4289,1
0.429,1
0.4291,1
0.4292,1
0.4293,1
0.4294,1
0.4295,1
0.4296,1
0.4297,1
0.4298,1
0.4299,1
0.43,1
0.4301,1
0.4302,1
0.4303,1
0.4304,1
0.4305,1
0.4306,1
0.4307,1
0.4308,1
0.4309,1
0.431,1
0.4311,1
0.4312,1
0.4313,1
0.4314,1
0.4315,1
0.4316,1
0.4317,1
0.4318,1
0.4319,1
0.432,1
0.4321,1
0.4322,1
0.4323,1
0.4324,1
0.4325,1
0.4326,1
0.4327,1
0.4328,1
0.4329,1
0.433,1
0.4331,1
0.4332,1
0.4333,1
0.4334,1
0.4335,1
0.4336,1
0.4337,1
0.4338,1
0.4339,1
0.434,1
0.4341,1
0.4342,1
0.4343,1
0.4344,1
0.4345,1
0.4346,1
0.4347,1
0.4348,1
0.4349,1
0.435,1
0.4351,1
0.4352,1
0.4353,1
0.4354,1
0.4355,1
0.4356,1
0.4357,1
0.4358,1
0.4359,1
0.436,1
0.4361,1
0.4362,1
0.4363,1
0.4364,1
0.4365,1
0.4366,1
0.4367,1
0.4368,1
0.4369,1
0.437,1
0.4371,1
0.4372,1
0.4373,1
0.4374,1
0.4375,1
0.4376,1
0.4377,1
0.4378,1
0.4379,1
0.438,1
0.4381,1
0.4382,1
0.4383,1
0.4384,1
0.4385,1
0.4386,1
0.4387,1
0.4388,1
0.4389,1
0.439,1
0.4391,1
0.4392,1
0.4393,1
0.4394,1
0.4395,1
0.4396,1
0.4397,1
0.4398,1
0.4399,1
0.44,1
0.4401,1
0.4402,1
0.4403,1
0.4404,1
0.4405,1
0.4406,1
0.4407,1
0.4408,1
0.4409,1
0.441,1
0.4411,1
0.4412,1
0.4413,1
0.4414,1
0.4415,1
0.4416,1
0.4417,1
0.4418,1
0.4419,1
0.442,1
0.4421,1
0.4422,1
0.4423,1
0.4424,1
0.4425,1
0.4426,1
0.4427,1
0.4428,1
0.4429,1
0.443,1
0.4431,1
0.4432,1
0.4433,1
0.4434,1
0.4435,1
0.4436,1
0.4437,1
0.4438,1
0.4439,1
0.444,1
0.4441,1
0.4442,1
0.4443,1
0.4444,1
0.4445,1
0.4446,1
0.4447,1
0.4448,1
0.4449,1
0.445,1
0.4451,1
0.4452,1
0.4453,1
0.4454,1
0.4455,1
0.4456,1
0.4457,1
0.4458,1
0.4459,1
0.446,1
0.4461,1
0.4462,1
0.4463,1
0.4464,1
0.4465,1
0.4466,1
0.4467,1
0.4468,1
0.4469,1
0.447,1
0.4471,1
0.4472,1
0.4473,1
0.4474,1
0.4475,1
0.4476,1
0.4477,1
0.4478,1
0.4479,1
0.448,1
0.4481,1
0.4482,1
0.4483,1
0.4484,1
0.4485,1
0.4486,1
0.4487,1
0.4488,1
0.4489,1
0.449,1
0.4491,1
0.4492,1
0.4493,1
0.4494,1
0.4495,1
0.4496,1
0.4497,1
0.4498,1
0.4499,1
0.45,1
0.4501,1
0.4502,1
0.4503,1
0.4504,1
0.4505,1
0.4506,1
0.4507,1
0.4508,1
0.4509,1
0.451,1
0.4511,1
0.4512,1
0.4513,1
0.4514,1
0.4515,1
0.4516,1
0.4517,1
0.4518,1
0.4519,1
0.452,1
0.4521,1
0.4522,1
0.4523,1
0.4524,1
0.4525,1
0.4526,1
0.4527,1
0.4528,1
0.4529,1
0.453,1
0.4531,1
0.4532,1
0.4533,1
0.4534,1
0.4535,1
0.4536,1
0.4537,1
0.4538,1
0.4539,1
0.454,1
0.4541,1
0.4542,1
0.4543,1
0.4544,1
0.4545,1
0.4546,1
0.4547,1
0.4548,1
0.4549,1
0.455,1
0.4551,1
0.4552,1
0.4553,1
0.4554,1
0.4555,1
0.4556,1
0.4557,1
0.4558,1
0.4559,1
0.456,1
0.4561,1
0.4562,1
0.4563,1
0.4564,1
0.4565,1
0.4566,1
0.4567,1
0.4568,1
0.4569,1
0.457,1
0.4571,1
0.4572,1
0.4573,1
0.4574,1
0.4575,1
0.4576,1
0.4577,1
0.4578,1
0.4579,1
0.458,1
0.4581,1
0.4582,1
0.4583,1
0.4584,1
0.4585,1
0.4586,1
0.4587,1
0.4588,1
0.4589,1
0.459,1
0.4591,1
0.4592,1
0.4593,1
0.4594,1
0.4595,1
0.4596,1
0.4597,1
0.4598,1
0.4599,1
0.46,1
0.4601,1
0.4602,1
0.4603,1
0.4604,1
0.4605,1
0.4606,1
0.4607,1
0.4608,1
0.4609,1
0.461,1
0.4611,1
0.4612,1
0.4613,1
0.4614,1
0.4615,1
0.4616,1
0.4617,1
0.4618,1
0.4619,1
0.462,1
0.4621,1
0.4622,1
0.4623,1
0.4624,1
0.4625,1
0.4626,1
0.4627,1
0.4628,1
0.4629,1
0.463,1
0.4631,1
0.4632,1
0.4633,1
0.4634,1
0.4635,1
0.4636,1
0.4637,1
0.4638,1
0.4639,1
0.464,1
0.4641,1
0.4642,1
0.4643,1
0.4644,1
0.4645,1
0.4646,1
0.4647,1
0.4648,1
0.4649,1
0.465,1
0.4651,1
0.4652,1
0.4653,1
0.4654,1
0.4655,1
0.4656,1
0.4657,1
0.4658,1
0.4659,1
0.466,1
0.4661,1
0.4662,1
0.4663,1
0.4664,1
0.4665,1
0.4666,1
0.4667,1
0.4668,1
0.4669,1
0.467,1
0.4671,1
0.4672,1
0.4673,1
0.4674,1
0.4675,1
0.4676,1
0.4677,1
0.4678,1
0.4679,1
0.468,1
0.4681,1
0.4682,1
0.4683,1
0.4684,1
0.4685,1
0.4686,1
0.4687,1
0.4688,1
0.4689,1
0.469,1
0.4691,1
0.4692,1
0.4693,1
0.4694,1
0.4695,1
0.4696,1
0.4697,1
0.4698,1
0.4699,1
0.47,1
0.4701,1
0.4702,1
0.4703,1
0.4704,1
0.4705,1
0.4706,1
0.4707,1
0.4708,1
0.4709,1
0.471,1
0.4711,1
0.4712,1
0.4713,1
0.4714,1
0.4715,1
0.4716,1
0.4717,1
0.4718,1
0.4719,1
0.472,1
0.4721,1
0.4722,1
0.4723,1
0.4724,1
0.4725,1
0.4726,1
0.4727,1
0.4728,1
0.4729,1
0.473,1
0.4731,1
0.4732,1
0.4733,1
0.4734,1
0.4735,1
0.4736,1
0.4737,1
0.4738,1
0.4739,1
0.474,1
0.4741,1
0.4742,1
0.4743,1
0.4744,1
0.4745,1
0.4746,1
0.4747,1
0.4748,1
0.4749,1
0.475,1
0.4751,1
0.4752,1
0.4753,1
0.4754,1
0.4755,1
0.4756,1
0.4757,1
0.4758,1
0.4759,1
0.476,1
0.4761,1
0.4762,1
0.4763,1
0.4764,1
0.4765,1
0.4766,1
0.4767,1
0.4768,1
0.4769,1
0.477,1
0.4771,1
0.4772,1
0.4773,1
0.4774,1
0.4775,1
0.4776,1
0.4777,1
0.4778,1
0.4779,1
0.478,1
0.4781,1
0.4782,1
0.4783,1
0.4784,1
0.4785,1
0.4786,1
0.4787,1
0.4788,1
0.4789,1
0.479,1
0.4791,1
0.4792,1
0.4793,1
0.4794,1
0.4795,1
0.4796,1
0.4797,1
0.4798,1
0.4799,1
0.48,1
0.4801,1
0.4802,1
0.4803,1
0.4804,1
0.4805,1
0.4806,1
0.4807,1
0.4808,1
0.4809,1
0.481,1
0.4811,1
0.4812,1
0.4813,1
0.4814,1
0.4815,1
0.4816,1
0.4817,1
0.4818,1
0.4819,1
0.482,1
0.4821,1
0.4822,1
0.4823,1
0.4824,1
0.4825,1
0.4826,1
0.4827,1
0.4828,1
0.4829,1
0.483,1
0.4831,1
0.4832,1
0.4833,1
0.4834,1
0.4835,1
0.4836,1
0.4837,1
0.4838,1
0.4839,1
0.484,1
0.4841,1
0.4842,1
0.4843,1
0.4844,1
0.4845,1
0.4846,1
0.4847,1
0.4848,1
0.4849,1
0.485,1
0.4851,1
0.4852,1
0.4853,1
0.4854,1
0.4855,1
0.4856,1
0.4857,1
0.4858,1
0.4859,1
0.486,1
0.4861,1
0.4862,1
0.4863,1
0.4864,1
0.4865,1
0.4866,1
0.4867,1
0.4868,1
0.4869,1
0.487,1
0.4871,1
0.4872,1
0.4873,1
0.4874,1
0.4875,1
0.4876,1
0.4877,1
0.4878,1
0.4879,1
0.488,1
0.4881,1
0.4882,1
0.4883,1
0.4884,1
0.4885,1
0.4886,1
0.4887,1
0.4888,1
0.4889,1
0.489,1
0.4891,1
0.4892,1
0.4893,1
0.4894,1
0.4895,1
0.4896,1
0.4897,1
0.4898,1
0.4899,1
0.49,1
0.4901,1
0.4902,1
0.4903,1
0.4904,1
0.4905,1
0.4906,1
0.4907,1
0.4908,1
0.4909,1
0.491,1
0.4911,1
0.4912,1
0.4913,1
0.4914,1
0.4915,1
0.4916,1
0.4917,1
0.4918,1
0.4919,1
0.492,1
0.4921,1
0.4922,1
0.4923,1
0.4924,1
0.4925,1
0.4926,1
0.4927,1
0.4928,1
0.4929,1
0.493,1
0.4931,1
0.4932,1
0.4933,1
0.4934,1
0.4935,1
0.4936,1
0.4937,1
0.4938,1
0.4939,1
0.494,1
0.4941,1
0.4942,1
0.4943,1
0.4944,1
0.4945,1
0.4946,1
0.4947,1
0.4948,1
0.4949,1
0.495,1
0.4951,1
0.4952,1
0.4953,1
0.4954,1
0.4955,1
0.4956,1
0.4957,1
0.4958,1
0.4959,1
0.496,1
0.4961,1
0.4962,1
0.4963,1
0.4964,1
0.4965,1
0.4966,1
0.4967,1
0.4968,1
0.4969,1
0.497,1
0.4971,1
0.4972,1
0.4973,1
0.4974,1
0.4975,1
0.4976,1
0.4977,1.00001
0.4978,1.00001
0.4979,1.00001
0.498,1.00002
0.4981,1.00002
0.4982,1.00003
0.4983,1.00005
0.4984,1.00007
0.4985,1.0001
0.4986,1.00015
0.4987,1.00021
0.4988,1.0003
0.4989,1.00043
0.499,1.0006
0.4991,1.00085
0.4992,1.00119
0.4993,1.00166
0.4994,1.00228
0.4995,1.00311
0.4996,1.00418
0.4997,1.00551
0.4998,1.00713
0.4999,1.00901
0.5,1.01111
0.5001,1.01333
0.5002,1.0156
0.5003,1.01784
0.5004,1.02
0.5005,1.02205
0.5006,1.02397
0.5007,1.02578
0.5008,1.02747
0.5009,1.02907
0.501,1.03058
0.5011,1.03202
0.5012,1.03338
0.5013,1.03469
0.5014,1.03594
0.5015,1.03715
0.5016,1.03831
0.5017,1.03943
0.5018,1.04052
0.5019,1.04157
0.502,1.0426
0.5021,1.04359
0.5022,1.04456
0.5023,1.0455
0.5024,1.04643
0.5025,1.04733
0.5026,1.04821
0.5027,1.04907
0.5028,1.04991
0.5029,1.05074
0.503,1.05155
0.5031,1.05234
0.5032,1.05312
0.5033,1.05388
0.5034,1.05464
0.5035,1.05538
0.5036,1.0561
0.5037,1.05682
0.5038,1.05752
0.5039,1.05822
0.504,1.0589
0.5041,1.05957
0.5042,1.06024
0.5043,1.06089
0.5044,1.06154
0.5045,1.06217
0.5046,1.0628
0.5047,1.06342
0.5048,1.06403
0.5049,1.06464
0.505,1.06523
0.5051,1.06582
0.5052,1.06641
0.5053,1.06698
0.5054,1.06755
0.5055,1.06812
0.5056,1.06867
0.5057,1.06922
0.5058,1.06977
0.5059,1.07031
0.506,1.07084
0.5061,1.07137
0.5062,1.07189
0.5063,1.07241
0.5064,1.07292
0.5065,1.07343
0.5066,1.07393
0.5067,1.07443
0.5068,1.07492
0.5069,1.07541
0.507,1.0759
0.5071,1.07638
0.5072,1.07685
0.5073,1.07732
0.5074,1.07779
0.5075,1.07825
0.5076,1.07871
0.5077,1.07917
0.5078,1.07962
0.5079,1.08007
0.508,1.08051
0.5081,1.08095
0.5082,1.08139
0.5083,1.08182
0.5084,1.08225
0.5085,1.08268
0.5086,1.0831
0.5087,1.08353
0.5088,1.08394
0.5089,1.08436
0.509,1.08477
0.5091,1.08518
0.5092,1.08558
0.5093,1.08598
0.5094,1.08638
0.5095,1.08678
0.5096,1.08718
0.5097,1.08757
0.5098,1.08795
0.5099,1.08834
0.51,1.08872
0.5101,1.08911
0.5102,1.08948
0.5103,1.08986
0.5104,1.09023
0.5105,1.0906
0.5106,1.09097
0.5107,1.09134
0.5108,1.0917
0.5109,1.09206
0.511,1.09242
0.5111,1.09278
0.5112,1.09313
0.5113,1.09349
0.5114,1.09384
0.5115,1.09419
0.5116,1.09453
0.5117,1.09488
0.5118,1.09522
0.5119,1.09556
0.512,1.0959
0.5121,1.09623
0.5122,1.09657
0.5123,1.0969
0.5124,1.09723
0.5125,1.09756
0.5126,1.09789
0.5127,1.09821
0.5128,1.09854
0.5129,1.09886
0.513,1.09918
0.5131,1.0995
0.5132,1.09981
0.5133,1.10013
0.5134,1.10044
0.5135,1.10075
0.5136,1.10106
0.5137,1.10137
0.5138,1.10167
0.5139,1.10198
0.514,1.10228
0.5141,1.10258
0.5142,1.10288
0.5143,1.10318
0.5144,1.10348
0.5145,1.10378
0.5146,1.10407
0.5147,1.10436
0.5148,1.10465
0.5149,1.10494
0.515,1.10523
0.5151,1.10552
0.5152,1.10581
0.5153,1.10609
0.5154,1.10637
0.5155,1.10665
0.5156,1.10693
0.5157,1.10721
0.5158,1.10749
0.5159,1.10777
0.516,1.10804
0.5161,1.10832
0.5162,1.10859
0.5163,1.10886
0.5164,1.10913
0.5165,1.1094
0.5166,1.10967
0.5167,1.10993
0.5168,1.1102
0.5169,1.11046
0.517,1.11072
0.5171,1.11098
0.5172,1.11125
0.5173,1.1115
0.5174,1.11176
0.5175,1.11202
0.5176,1.11228
0.5177,1.11253
0.5178,1.11278
0.5179,1.11304
0.518,1.11329
0.5181,1.11354
0.5182,1.11379
0.5183,1.11404
0.5184,1.11428
0.5185,1.11453
0.5186,1.11477
0.5187,1.11502
0.5188,1.11526
0.5189,1.1155
0.519,1.11575
0.5191,1.11599
0.5192,1.11622
0.5193,1.11646
0.5194,1.1167
0.5195,0.845527
0.5196,0.845106
0.5197,0.844687
0.5198,0.844268
0.5199,0.843851
0.52,0.843434
0.5201,0.843018
0.5202,0.842604
0.5203,0.84219
0.5204,0.841777
0.5205,0.841366
0.5206,0.840955
0.5207,0.840545
0.5208,0.840136
0.5209,0.839728
0.521,0.839321
0.5211,0.838915
0.5212,0.83851
0.5213,0.838105
0.5214,0.837702
0.5215,0.837299
0.5216,0.836898
0.5217,0.836497
0.5218,0.836097
0.5219,0.835698
0.522,0.8353
0.5221,0.834903
0.5222,0.834506
0.5223,0.834111
0.5224,0.833716
0.5225,0.833322
0.5226,0.832929
0.5227,0.832537
0.5228,0.832146
0.5229,0.831755
0.523,0.831366
0.5231,0.830977
0.5232,0.830589
0.5233,0.830201
0.5234,0.829815
0.5235,0.829429
0.5236,0.829044
0.5237,0.82866
0.5238,0.828277
0.5239,0.827894
0.524,0.827512
0.5241,0.827131
0.5242,0.826751
0.5243,0.826371
0.5244,0.825992
0.5245,0.825614
0.5246,0.825237
0.5247,0.82486
0.5248,0.824485
0.5249,0.82411
0.525,0.823735
0.5251,0.823361
0.5252,0.822989
0.5253,0.822616
0.5254,0.822245
0.5255,0.821874
0.5256,0.821504
0.5257,0.821135
0.5258,0.820766
0.5259,0.820398
0.526,0.820031
0.5261,0.819664
0.5262,0.819298
0.5263,0.818933
0.5264,0.818568
0.5265,0.818204
0.5266,0.817841
0.5267,0.817478
0.5268,0.817116
0.5269,0.816755
0.527,0.816394
0.5271,0.816034
0.5272,0.815675
0.5273,0.815316
0.5274,0.814958
0.5275,0.814601
0.5276,0.814244
0.5277,0.813888
0.5278,0.813533
0.5279,0.813178
0.528,0.812823
0.5281,0.81247
0.5282,0.812117
0.5283,0.811764
0.5284,0.811413
0.5285,0.811061
0.5286,0.810711
0.5287,0.810361
0.5288,0.810011
0.5289,0.809663
0.529,0.809314
0.5291,0.808967
0.5292,0.80862
0.5293,0.808273
0.5294,0.807927
0.5295,0.807582
0.5296,0.807237
0.5297,0.806893
0.5298,0.80655
0.5299,0.806207
0.53,0.805864
0.5301,0.805522
0.5302,0.805181
0.5303,0.80484
0.5304,0.8045
0.5305,0.80416
0.5306,0.803821
0.5307,0.803483
0.5308,0.803145
0.5309,0.802807
0.531,0.80247
0.5311,0.802134
0.5312,0.801798
0.5313,0.801463
0.5314,0.801128
0.5315,0.800794
0.5316,0.80046
0.5317,0.800127
0.5318,0.799794
0.5319,0.799462
0.532,0.799131
0.5321,0.798799
0.5322,0.798469
0.5323,0.798139
0.5324,0.797809
0.5325,0.79748
0.5326,0.797152
0.5327,0.796824
0.5328,0.796496
0.5329,0.796169
0.533,0.795842
0.5331,0.795516
0.5332,0.795191
0.5333,0.794866
0.5334,0.794541
0.5335,0.794217
0.5336,0.793893
0.5337,0.79357
0.5338,0.793247
0.5339,0.792925
0.534,0.792604
0.5341,0.792282
0.5342,0.791962
0.5343,0.791641
0.5344,0.791322
0.5345,0.791002
0.5346,0.790683
0.5347,0.790365
0.5348,0.790047
0.5349,0.789729
0.535,0.789412
0.5351,0.789096
0.5352,0.78878
0.5353,0.788464
0.5354,0.788149
0.5355,0.787834
0.5356,0.78752
0.5357,0.787206
0.5358,0.786893
0.5359,0.78658
0.536,0.786267
0.5361,0.785955
0.5362,0.785643
0.5363,0.785332
0.5364,0.785021
0.5365,0.784711
0.5366,0.784401
0.5367,0.784092
0.5368,0.783783
0.5369,0.783474
0.537,0.783166
0.5371,0.782858
0.5372,0.782551
0.5373,0.782244
0.5374,0.781937
0.5375,0.781631
0.5376,0.781325
0.5377,0.78102
0.5378,0.780715
0.5379,0.780411
0.538,0.780107
0.5381,0.779803
0.5382,0.7795
0.5383,0.779197
0.5384,0.778895
0.5385,0.778593
0.5386,0.778291
0.5387,0.77799
0.5388,0.777689
0.5389,0.777389
0.539,0.777089
0.5391,0.776789
0.5392,0.77649
0.5393,0.776191
0.5394,0.775893
0.5395,0.775595
0.5396,0.775297
0.5397,0.775
0.5398,0.774703
0.5399,0.774406
0.54,0.77411
0.5401,0.773815
0.5402,0.773519
0.5403,0.773224
0.5404,0.77293
0.5405,0.772636
0.5406,0.772342
0.5407,0.772048
0.5408,0.771755
0.5409,0.771463
0.541,0.77117
0.5411,0.770878
0.5412,0.770587
0.5413,0.770295
0.5414,0.770005
0.5415,0.769714
0.5416,0.769424
0.5417,0.769134
0.5418,0.768845
0.5419,0.768556
0.542,0.768267
0.5421,0.767979
0.5422,0.767691
0.5423,0.767403
0.5424,0.767116
0.5425,0.766829
0.5426,0.766542
0.5427,0.766256
0.5428,0.76597
0.5429,0.765685
0.543,0.7654
0.5431,0.765115
0.5432,0.764831
0.5433,0.764546
0.5434,0.764263
0.5435,0.763979
0.5436,0.763696
0.5437,0.763413
0.5438,0.763131
0.5439,0.762849
0.544,0.762567
0.5441,0.762286
0.5442,0.762005
0.5443,0.761724
0.5444,0.761444
0.5445,0.761164
0.5446,0.760884
0.5447,0.760605
0.5448,0.760325
0.5449,0.760047
0.545,0.759768
0.5451,0.75949
0.5452,0.759213
0.5453,0.758935
0.5454,0.758658
0.5455,0.758381
0.5456,0.758105
0.5457,0.757829
0.5458,0.757553
0.5459,0.757277
0.546,0.757002
0.5461,0.756727
0.5462,0.756453
0.5463,0.756179
0.5464,0.755905
0.5465,0.755631
0.5466,0.755358
0.5467,0.755085
0.5468,0.754812
0.5469,0.75454
0.547,0.754268
0.5471,0.753996
0.5472,0.753725
0.5473,0.753454
0.5474,0.753183
0.5475,0.752912
0.5476,0.752642
0.5477,0.752372
0.5478,0.752103
0.5479,0.751833
0.548,0.751564
0.5481,0.751296
0.5482,0.751027
0.5483,0.750759
0.5484,0.750491
0.5485,0.750224
0.5486,0.749957
0.5487,0.74969
0.5488,0.749423
0.5489,0.749157
0.549,0.748891
0.5491,0.748625
0.5492,0.74836
0.5493,0.748095
0.5494,0.74783
0.5495,0.747565
0.5496,0.747301
0.5497,0.747037
0.5498,0.746773
0.5499,0.74651
0.55,0.746247
0.5501,0.745984
0.5502,0.745721
0.5503,0.745459
0.5504,0.745197
0.5505,0.744935
0.5506,0.744674
0.5507,0.744413
0.5508,0.744152
0.5509,0.743891
0.551,0.743631
0.5511,0.743371
0.5512,0.743111
0.5513,0.742851
0.5514,0.742592
0.5515,0.742333
0.5516,0.742075
0.5517,0.741816
0.5518,0.741558
0.5519,0.7413
0.552,0.741043
0.5521,0.740785
0.5522,0.740528
0.5523,0.740272
0.5524,0.740015
0.5525,0.739759
0.5526,0.739503
0.5527,0.739247
0.5528,0.738992
0.5529,0.738737
0.553,0.738482
0.5531,0.738227
0.5532,0.737973
0.5533,0.737719
0.5534,0.737465
0.5535,0.737211
0.5536,0.736958
0.5537,0.736705
0.5538,0.736452
0.5539,0.736199
0.554,0.735947
0.5541,0.735695
0.5542,0.735443
0.5543,0.735192
0.5544,0.73494
0.5545,0.734689
0.5546,0.734439
0.5547,0.734188
0.5548,0.733938
0.5549,0.733688
0.555,0.733438
0.5551,0.733189
0.5552,0.732939
0.5553,0.73269
0.5554,0.732442
0.5555,0.732193
0.5556,0.731945
0.5557,0.731697
0.5558,0.731449
0.5559,0.731201
0.556,0.730954
0.5561,0.730707
0.5562,0.73046
0.5563,0.730214
0.5564,0.729968
0.5565,0.729721
0.5566,0.729476
0.5567,0.72923
0.5568,0.728985
0.5569,0.72874
0.557,0.728495
0.5571,0.72825
0.5572,0.728006
0.5573,0.727762
0.5574,0.727518
0.5575,0.727274
0.5576,0.727031
0.5577,0.726788
0.5578,0.726545
0.5579,0.726302
0.558,0.72606
0.5581,0.725817
0.5582,0.725575
0.5583,0.725334
0.5584,0.725092
0.5585,0.724851
0.5586,0.72461
0.5587,0.724369
0.5588,0.724128
0.5589,0.723888
0.559,0.723648
0.5591,0.723408
0.5592,0.723168
0.5593,0.722928
0.5594,0.722689
0.5595,0.72245
0.5596,0.722211
0.5597,0.721973
0.5598,0.721735
0.5599,0.721496
0.56,0.721259
0.5601,0.721021
0.5602,0.720783
0.5603,0.720546
0.5604,0.720309
0.5605,0.720072
0.5606,0.719836
0.5607,0.7196
0.5608,0.719364
0.5609,0.719128
0.561,0.718892
0.5611,0.718657
0.5612,0.718421
0.5613,0.718186
0.5614,0.717951
0.5615,0.717717
0.5616,0.717483
0.5617,0.717248
0.5618,1.17298
0.5619,1.17306
0.562,1.17313
0.5621,1.17321
0.5622,1.17328
0.5623,1.17336
0.5624,1.17343
0.5625,1.17351
0.5626,1.17358
0.5627,1.17365
0.5628,1.17373
0.5629,1.1738
0.563,1.17388
0.5631,1.17395
0.5632,1.17402
0.5633,1.1741
0.5634,1.17417
0.5635,1.17424
0.5636,1.17431
0.5637,1.17439
0.5638,1.17446
0.5639,1.17453
0.564,1.1746
0.5641,1.17467
0.5642,1.17475
0.5643,1.17482
0.5644,1.17489
0.5645,1.17496
0.5646,1.17503
0.5647,1.1751
0.5648,1.17517
0.5649,1.17524
0.565,1.17532
0.5651,1.17539
0.5652,1.17546
0.5653,1.17553
0.5654,1.1756
0.5655,1.17567
0.5656,1.17574
0.5657,1.17581
0.5658,1.17587
0.5659,1.17594
0.566,1.17601
0.5661,1.17608
0.5662,1.17615
0.5663,1.17622
0.5664,1.17629
0.5665,1.17636
0.5666,1.17643
0.5667,1.17649
0.5668,1.17656
0.5669,1.17663
0.567,1.1767
0.5671,1.17676
0.5672,1.17683
0.5673,1.1769
0.5674,1.17697
0.5675,1.17703
0.5676,1.1771
0.5677,1.17717
0.5678,1.17723
0.5679,1.1773
0.568,1.17737
0.5681,1.17743
0.5682,1.1775
0.5683,1.17756
0.5684,1.17763
0.5685,1.1777
0.5686,1.17776
0.5687,1.17783
0.5688,1.17789
0.5689,1.17796
0.569,1.17802
0.5691,1.17809
0.5692,1.17815
0.5693,1.17822
0.5694,1.17828
0.5695,1.17835
0.5696,1.17841
0.5697,1.17847
0.5698,1.17854
0.5699,1.1786
0.57,1.17867
0.5701,1.17873
0.5702,1.17879
0.5703,1.17886
0.5704,1.17892
0.5705,1.17898
0.5706,1.17904
0.5707,1.17911
0.5708,1.17917
0.5709,1.17923
0.571,1.1793
0.5711,1.17936
0.5712,1.17942
0.5713,1.17948
0.5714,1.17954
0.5715,1.17961
0.5716,1.17967
0.5717,1.17973
0.5718,1.17979
0.5719,1.17985
0.572,1.17991
0.5721,1.17997
0.5722,1.18003
0.5723,1.1801
0.5724,1.18016
0.5725,1.18022
0.5726,1.18028
0.5727,1.18034
0.5728,1.1804
0.5729,1.18046
0.573,1.18052
0.5731,1.18058
0.5732,1.18064
0.5733,1.1807
0.5734,1.18076
0.5735,1.18082
0.5736,1.18087
0.5737,1.18093
0.5738,1.18099
0.5739,1.18105
0.574,1.18111
0.5741,1.18117
0.5742,1.18123
0.5743,1.18129
0.5744,1.18134
0.5745,1.1814
0.5746,1.18146
0.5747,1.18152
0.5748,1.18158
0.5749,1.18163
0.575,1.18169
0.5751,1.18175
0.5752,1.18181
0.5753,1.18186
0.5754,1.18192
0.5755,1.18198
0.5756,1.18203
0.5757,1.18209
0.5758,1.18215
0.5759,1.1822
0.576,1.18226
0.5761,1.18232
0.5762,1.18237
0.5763,1.18243
0.5764,1.18249
0.5765,1.18254
0.5766,1.1826
0.5767,1.18265
0.5768,1.18271
0.5769,1.18276
0.577,1.18282
0.5771,1.18287
0.5772,1.18293
0.5773,1.18299
0.5774,1.18304
0.5775,1.18309
0.5776,1.18315
0.5777,1.1832
0.5778,1.18326
0.5779,1.18331
0.578,1.18337
0.5781,1.18342
0.5782,1.18348
0.5783,1.18353
0.5784,1.18358
0.5785,1.18364
0.5786,1.18369
0.5787,1.18374
0.5788,1.1838
0.5789,1.18385
0.579,1.1839
0.5791,1.18396
0.5792,1.18401
0.5793,1.18406
0.5794,1.18412
0.5795,1.18417
0.5796,1.18422
0.5797,1.18427
0.5798,1.18433
0.5799,1.18438
0.58,1.18443
0.5801,1.18448
0.5802,1.18453
0.5803,1.18459
0.5804,1.18464
0.5805,1.18469
0.5806,1.18474
0.5807,1.18479
0.5808,1.18484
0.5809,1.18489
0.581,1.18495
0.5811,1.185
0.5812,1.18505
0.5813,1.1851
0.5814,1.18515
0.5815,1.1852
0.5816,1.18525
0.5817,1.1853
0.5818,1.18535
0.5819,1.1854
0.582,1.18545
0.5821,1.1855
0.5822,1.18555
0.5823,1.1856
0.5824,1.18565
0.5825,1.1857
0.5826,1.18575
0.5827,1.1858
0.5828,1.18585
0.5829,1.1859
0.583,1.18595
0.5831,1.186
0.5832,1.18605
0.5833,1.18609
0.5834,1.18614
0.5835,1.18619
0.5836,1.18624
0.5837,1.18629
0.5838,1.18634
0.5839,1.18639
0.584,1.18643
0.5841,1.18648
0.5842,1.18653
0.5843,1.18658
0.5844,1.18663
0.5845,1.18667
0.5846,1.18672
0.5847,1.18677
0.5848,1.18682
0.5849,1.18686
0.585,1.18691
0.5851,1.18696
0.5852,1.18701
0.5853,1.18705
0.5854,1.1871
0.5855,1.18715
0.5856,1.18719
0.5857,1.18724
0.5858,1.18729
0.5859,1.18733
0.586,1.18738
0.5861,1.18742
0.5862,1.18747
0.5863,1.18752
0.5864,1.18756
0.5865,1.18761
0.5866,1.18765
0.5867,1.1877
0.5868,1.18775
0.5869,1.18779
0.587,1.18784
0.5871,1.18788
0.5872,1.18793
0.5873,1.18797
0.5874,1.18802
0.5875,1.18806
0.5876,1.18811
0.5877,1.18815
0.5878,1.1882
0.5879,1.18824
0.588,1.18829
0.5881,1.18833
0.5882,1.18838
0.5883,1.18842
0.5884,1.18846
0.5885,1.18851
0.5886,1.18855
0.5887,1.1886
0.5888,1.18864
0.5889,1.18868
0.589,1.18873
0.5891,1.18877
0.5892,1.18882
0.5893,1.18886
0.5894,1.1889
0.5895,1.18895
0.5896,1.18899
0.5897,1.18903
0.5898,1.18907
0.5899,1.18912
0.59,1.18916
0.5901,1.1892
0.5902,1.18925
0.5903,1.18929
0.5904,1.18933
0.5905,1.18937
0.5906,1.18942
0.5907,1.18946
0.5908,1.1895
0.5909,1.18954
0.591,1.18958
0.5911,1.18963
0.5912,1.18967
0.5913,1.18971
0.5914,1.18975
0.5915,1.18979
0.5916,1.18984
0.5917,1.18988
0.5918,1.18992
0.5919,1.18996
0.592,1.19
0.5921,1.19004
0.5922,1.19008
0.5923,1.19012
0.5924,1.19016
0.5925,1.19021
0.5926,1.19025
0.5927,1.19029
0.5928,1.19033
0.5929,1.19037
0.593,1.19041
0.5931,1.19045
0.5932,1.19049
0.5933,1.19053
0.5934,1.19057
0.5935,1.19061
0.5936,1.19065
0.5937,1.19069
0.5938,1.19073
0.5939,1.19077
0.594,1.19081
0.5941,1.19085
0.5942,1.19089
0.5943,1.19093
0.5944,1.19097
0.5945,1.19101
0.5946,1.19104
0.5947,1.19108
0.5948,1.19112
0.5949,1.19116
0.595,1.1912
0.5951,1.19124
0.5952,1.19128
0.5953,1.19132
0.5954,1.19136
0.5955,1.19139
0.5956,1.19143
0.5957,1.19147
0.5958,1.19151
0.5959,1.19155
0.596,1.19159
0.5961,1.19162
0.5962,1.19166
0.5963,1.1917
0.5964,1.19174
0.5965,1.19178
0.5966,1.19181
0.5967,1.19185
0.5968,1.19189
0.5969,1.19193
0.597,1.19196
0.5971,1.192
0.5972,1.19204
0.5973,1.19207
0.5974,1.19211
0.5975,1.19215
0.5976,1.19219
0.5977,1.19222
0.5978,1.19226
0.5979,1.1923
0.598,1.19233
0.5981,1.19237
0.5982,1.19241
0.5983,1.19244
0.5984,1.19248
0.5985,1.19252
0.5986,1.19255
0.5987,1.19259
0.5988,1.19262
0.5989,1.19266
0.599,1.1927
0.5991,1.19273
0.5992,1.19277
0.5993,1.1928
0.5994,1.19284
0.5995,1.19287
0.5996,1.19291
0.5997,1.19295
0.5998,1.19298
0.5999,1.19302
0.6,1.19305
0.6001,1.19309
0.6002,1.19312
0.6003,1.19316
0.6004,1.19319
0.6005,1.19323
0.6006,1.19326
0.6007,1.1933
0.6008,1.19333
0.6009,1.19337
0.601,1.1934
0.6011,1.19344
0.6012,1.19347
0.6013,1.1935
0.6014,1.19354
0.6015,1.19357
0.6016,1.19361
0.6017,1.19364
0.6018,1.19368
0.6019,1.19371
0.602,1.19374
0.6021,1.19378
0.6022,1.19381
0.6023,1.19384
0.6024,1.19388
0.6025,1.19391
0.6026,1.19395
0.6027,1.19398
0.6028,1.19401
0.6029,1.19405
0.603,1.19408
0.6031,1.19411
0.6032,1.19415
0.6033,1.19418
0.6034,1.19421
0.6035,1.19424
0.6036,1.19428
0.6037,1.19431
0.6038,1.19434
0.6039,1.19438
0.604,1.19441
0.6041,1.19444
0.6042,1.19447
0.6043,1.19451
0.6044,1.19454
0.6045,1.19457
0.6046,1.1946
0.6047,1.19463
0.6048,1.19467
0.6049,1.1947
0.605,1.19473
0.6051,1.19476
0.6052,1.19479
0.6053,1.19483
0.6054,1.19486
0.6055,1.19489
0.6056,1.19492
0.6057,1.19495
0.6058,1.19498
0.6059,1.19502
0.606,1.19505
0.6061,1.19508
0.6062,1.19511
0.6063,1.19514
0.6064,1.19517
0.6065,1.1952
0.6066,1.19523
0.6067,1.19527
0.6068,1.1953
0.6069,1.19533
0.607,1.19536
0.6071,1.19539
0.6072,1.19542
0.6073,1.19545
0.6074,1.19548
0.6075,1.19551
0.6076,1.19554
0.6077,1.19557
0.6078,1.1956
0.6079,1.19563
0.608,1.19566
0.6081,1.19569
0.6082,1.19572
0.6083,1.19575
0.6084,1.19578
0.6085,1.19581
0.6086,1.19584
0.6087,1.19587
0.6088,1.1959
0.6089,1.19593
0.609,1.19596
0.6091,1.19599
0.6092,1.19602
0.6093,1.19605
0.6094,1.19608
0.6095,1.19611
0.6096,1.19614
0.6097,1.19617
0.6098,1.19619
0.6099,1.19622
0.61,1.19625
0.6101,1.19628
0.6102,1.19631
0.6103,1.19634
0.6104,1.19637
0.6105,1.1964
0.6106,1.19643
0.6107,1.19645
0.6108,1.19648
0.6109,1.19651
0.611,1.19654
0.6111,1.19657
0.6112,1.1966
0.6113,1.19662
0.6114,1.19665
0.6115,0.620984
0.6116,0.620829
0.6117,0.620682
0.6118,0.620429
0.6119,0.620169
0.612,0.619853
0.6121,0.62072
0.6122,0.621712
0.6123,0.623342
0.6124,0.62571
0.6125,0.628375
0.6126,0.630862
0.6127,0.62949
0.6128,0.604108
0.6129,0.602392
0.613,0.600833
0.6131,0.599394
0.6132,0.59805
0.6133,0.596785
0.6134,0.595587
0.6135,0.594446
0.6136,0.593355
0.6137,0.592307
0.6138,0.591299
0.6139,0.590325
0.614,0.589382
0.6141,0.650408
0.6142,0.651281
0.6143,0.652129
0.6144,0.652954
0.6145,0.65376
0.6146,0.654546
0.6147,0.655314
0.6148,0.656065
0.6149,0.6568
0.615,0.657521
0.6151,0.658228
0.6152,0.658921
0.6153,0.659602
0.6154,0.660271
0.6155,0.660929
0.6156,0.661576
0.6157,0.662213
0.6158,0.66284
0.6159,0.663457
0.616,0.664065
0.6161,0.664665
0.6162,0.665256
0.6163,0.66584
0.6164,0.666415
0.6165,0.666984
0.6166,0.667545
0.6167,0.570373
0.6168,0.569809
0.6169,0.569253
0.617,0.568702
0.6171,0.568158
0.6172,0.567619
0.6173,0.567086
0.6174,0.566559
0.6175,0.566037
0.6176,0.56552
0.6177,0.565008
0.6178,0.564501
0.6179,0.563998
0.618,0.563501
0.6181,0.563008
0.6182,0.562519
0.6183,0.562034
0.6184,0.561554
0.6185,0.561078
0.6186,0.560606
0.6187,0.560137
0.6188,0.559673
0.6189,0.559212
0.619,0.558754
0.6191,0.558301
0.6192,0.557851
0.6193,0.557404
0.6194,0.55696
0.6195,0.55652
0.6196,0.556083
0.6197,0.555649
0.6198,0.555218
0.6199,0.55479
0.62,0.554365
0.6201,0.553943
0.6202,0.553523
0.6203,0.553107
0.6204,0.552693
0.6205,0.552282
0.6206,0.551873
0.6207,0.551467
0.6208,0.551064
0.6209,0.550663
0.621,0.550264
0.6211,0.549868
0.6212,0.549474
0.6213,0.549083
0.6214,0.548693
0.6215,0.548306
0.6216,0.547922
0.6217,0.547539
0.6218,0.547159
0.6219,0.54678
0.622,0.691245
0.6221,0.691604
0.6222,0.691961
0.6223,0.692315
0.6224,0.692668
0.6225,0.693019
0.6226,0.693368
0.6227,0.693715
0.6228,0.69406
0.6229,0.694404
0.623,0.694746
0.6231,0.695085
0.6232,0.695424
0.6233,0.69576
0.6234,0.696095
0.6235,0.696428
0.6236,0.696759
0.6237,0.697089
0.6238,0.697417
0.6239,0.697744
0.624,0.698069
0.6241,0.698393
0.6242,0.698715
0.6243,0.699035
0.6244,0.699354
0.6245,0.699672
0.6246,0.699988
0.6247,0.700302
0.6248,0.700616
0.6249,0.700927
0.625,0.701238
0.6251,0.701547
0.6252,0.701855
0.6253,0.702161
0.6254,0.702466
0.6255,0.70277
0.6256,0.703072
0.6257,0.703373
0.6258,0.703673
0.6259,0.703972
0.626,0.704269
0.6261,0.704566
0.6262,0.704861
0.6263,0.705154
0.6264,0.705447
0.6265,0.705738
0.6266,0.706029
0.6267,0.706318
0.6268,0.706606
0.6269,0.706893
0.627,0.707178
0.6271,0.707463
0.6272,0.707747
0.6273,0.708029
0.6274,0.70831
0.6275,0.708591
0.6276,0.70887
0.6277,0.709148
0.6278,0.709425
0.6279,0.709702
0.628,0.709977
0.6281,0.710251
0.6282,0.710524
0.6283,0.710796
0.6284,0.711068
0.6285,0.711338
0.6286,0.711607
0.6287,0.711875
0.6288,0.712143
0.6289,0.712409
0.629,0.712675
0.6291,0.71294
0.6292,0.713203
0.6293,0.713466
0.6294,0.713728
0.6295,0.713989
0.6296,0.714249
0.6297,0.714509
0.6298,0.714767
0.6299,0.715025
0.63,0.715281
0.6301,0.715537
0.6302,0.715792
0.6303,0.716046
0.6304,0.7163
0.6305,0.716552
0.6306,0.716804
0.6307,0.717055
0.6308,0.717305
0.6309,0.717555
0.631,0.717804
0.6311,0.718051
0.6312,0.718298
0.6313,0.718545
0.6314,0.71879
0.6315,0.719035
0.6316,0.719279
0.6317,0.719523
0.6318,0.719765
0.6319,0.720007
0.632,0.720248
0.6321,0.720489
0.6322,0.720728
0.6323,0.720967
0.6324,0.721205
0.6325,0.721443
0.6326,0.514336
0.6327,0.514084
0.6328,0.513833
0.6329,0.513583
0.633,0.513334
0.6331,0.513085
0.6332,0.512837
0.6333,0.512589
0.6334,0.512342
0.6335,0.512096
0.6336,0.51185
0.6337,0.511605
0.6338,0.511361
0.6339,0.511118
0.634,0.510874
0.6341,0.510632
0.6342,0.51039
0.6343,0.510149
0.6344,0.509909
0.6345,0.509669
0.6346,0.509429
0.6347,0.509191
0.6348,0.508953
0.6349,0.508715
0.635,0.508478
0.6351,0.508242
0.6352,0.508006
0.6353,0.507771
0.6354,0.507536
0.6355,0.507302
0.6356,0.507069
0.6357,0.506837
0.6358,0.506609
0.6359,0.506354
0.636,0.505489
0.6361,0.503515
0.6362,0.502142
0.6363,0.501107
0.6364,0.500234
0.6365,0.499461
0.6366,0.498758
0.6367,0.498107
0.6368,0.497498
0.6369,0.496922
0.637,0.496374
0.6371,0.49585
0.6372,0.495347
0.6373,0.494862
0.6374,0.494393
0.6375,0.493938
0.6376,0.493496
0.6377,0.493066
0.6378,0.492647
0.6379,0.492237
0.638,0.491837
0.6381,0.491445
0.6382,0.491061
0.6383,0.490684
0.6384,0.490315
0.6385,0.489951
0.6386,0.489594
0.6387,0.489243
0.6388,0.488896
0.6389,0.488555
0.639,0.488219
0.6391,0.487888
0.6392,0.487561
0.6393,0.518963
0.6394,0.519098
0.6395,0.51923
0.6396,0.519358
0.6397,0.519482
0.6398,0.519603
0.6399,0.51972
0.64,0.519835
0.6401,0.519946
0.6402,0.520054
0.6403,0.520159
0.6404,0.520262
0.6405,0.520361
0.6406,0.520459
0.6407,0.520553
0.6408,0.520645
0.6409,0.520735
0.641,0.520813
0.6411,0.520176
0.6412,0.518276
0.6413,0.517086
0.6414,0.516144
0.6415,0.51533
0.6416,0.525755
0.6417,0.526136
0.6418,0.526473
0.6419,0.526775
0.642,0.527049
0.6421,0.527298
0.6422,0.527827
0.6423,0.528521
0.6424,0.52611
0.6425,0.525686
0.6426,0.529635
0.6427,0.522874
0.6428,0.522186
0.6429,0.519109
0.643,0.531653
0.6431,0.531229
0.6432,0.51285
0.6433,0.531914
0.6434,0.531551
0.6435,0.532662
0.6436,0.525141
0.6437,0.523319
0.6438,0.500875
0.6439,0.490937
0.644,0.488935
0.6441,0.4759
0.6442,0.469731
0.6443,0.533067
0.6444,0.539086
0.6445,0.535784
0.6446,0.477251
0.6447,0.540851
0.6448,0.470458
0.6449,0.479812
0.645,0.478076
0.6451,0.47048
0.6452,0.467134
0.6453,0.469093
0.6454,0.473856
0.6455,0.476027
0.6456,0.509819
0.6457,0.510793
0.6458,0.46446
0.6459,0.464402
0.646,0.546246
0.6461,0.537594
0.6462,0.490106
0.6463,0.521961
0.6464,0.530897
0.6465,0.513557
0.6466,0.483876
0.6467,0.513586
0.6468,0.53137
0.6469,0.534479
0.647,0.479605
0.6471,0.486401
0.6472,0.458928
0.6473,0.475343
0.6474,0.535134
0.6475,0.560969
0.6476,0.526182
0.6477,0.486982
0.6478,0.462603
0.6479,0.492563
0.648,0.495013
0.6481,0.472146
0.6482,0.566832
0.6483,0.720967
0.6484,0.480762
0.6485,0.66862
0.6486,0.749659
0.6487,0.522433
0.6488,0.570299
0.6489,0.80517
0.649,0.764539
0.6491,0.591042
0.6492,0.473415
0.6493,0.507193
0.6494,0.452885
0.6495,0.684167
0.6496,0.734425
0.6497,0.456997
0.6498,0.587849
0.6499,0.631105
0.65,0.488763
0.6501,0.473434
0.6502,0.730769
0.6503,0.469333
0.6504,0.46321
0.6505,0.519583
0.6506,0.587344
0.6507,0.708156
0.6508,0.801018
0.6509,0.52168
0.651,0.543818
0.6511,0.510603
0.6512,0.475461
0.6513,0.583614
0.6514,0.443476
0.6515,0.604795
0.6516,0.842797
0.6517,0.8221
0.6518,0.467859
0.6519,0.445222
0.652,0.596757
0.6521,0.573491
0.6522,0.463242
0.6523,0.606696
0.6524,0.844185
0.6525,0.594492
0.6526,0.482834
0.6527,0.791716
0.6528,0.464855
0.6529,0.704433
0.653,0.831652
0.6531,0.507244
0.6532,0.851094
0.6533,0.460288
0.6534,0.500235
0.6535,0.787954
0.6536,0.545213
0.6537,0.507735
0.6538,0.731638
0.6539,0.450554
0.654,0.723658
0.6541,0.627996
0.6542,0.789046
0.6543,0.798621
0.6544,0.454234
0.6545,0.445703
0.6546,0.432799
0.6547,0.447991
0.6548,0.645255
0.6549,0.451704
0.655,0.490539
0.6551,0.466544
0.6552,0.797502
0.6553,0.638883
0.6554,0.776587
0.6555,0.857599
0.6556,0.650385
0.6557,0.638047
0.6558,0.474133
0.6559,0.438759
0.656,0.594278
0.6561,0.499215
0.6562,0.64468
0.6563,0.446575
0.6564,0.680837
0.6565,0.845458
0.6566,0.867894
0.6567,0.685515
0.6568,0.883946
0.6569,0.884847
0.657,0.422502
0.6571,0.693652
0.6572,0.886846
0.6573,0.887392
0.6574,0.887901
0.6575,0.421102
0.6576,0.700035
0.6577,0.705412
0.6578,0.892338
0.6579,0.884749
0.658,0.422233
0.6581,0.894866
0.6582,0.680231
0.6583,0.417609
0.6584,0.889053
0.6585,0.42483
0.6586,0.698179
0.6587,0.416846
0.6588,0.424149
0.6589,0.690903
0.659,0.637476
0.6591,0.421048
0.6592,0.419308
0.6593,0.591267
0.6594,0.879775
0.6595,0.422278
0.6596,0.428842
0.6597,0.482602
0.6598,0.833566
0.6599,0.870794
0.66,0.734702
0.6601,0.659622
0.6602,0.458411
0.6603,0.552314
0.6604,0.613392
0.6605,0.410373
0.6606,0.417206
0.6607,0.749076
0.6608,0.659707
0.6609,0.913037
0.661,0.463441
0.6611,0.745932
0.6612,0.407745
0.6613,0.814012
0.6614,0.481747
0.6615,0.439774
0.6616,0.423174
0.6617,0.913254
0.6618,0.926945
0.6619,0.755489
0.662,0.927708
0.6621,0.541816
0.6622,0.79211
0.6623,0.793836
0.6624,0.927958
0.6625,0.481409
0.6626,0.500133
0.6627,0.609396
0.6628,0.463241
0.6629,0.928272
0.663,0.689675
0.6631,0.449901
0.6632,0.47084
0.6633,0.403809
0.6634,0.453162
0.6635,0.407754
0.6636,0.8353
0.6637,0.731396
0.6638,0.686992
0.6639,0.931818
0.664,0.939768
0.6641,0.409677
0.6642,0.396882
0.6643,0.823096
0.6644,0.592052
0.6645,0.949274
0.6646,0.796496
0.6647,0.513721
0.6648,0.457809
0.6649,0.436089
0.665,0.43415
0.6651,0.75916
0.6652,0.571059
0.6653,0.851876
0.6654,0.64064
0.6655,0.511358
0.6656,0.38937
0.6657,0.389278
0.6658,0.957558
0.6659,0.66658
0.666,0.674271
0.6661,0.544172
0.6662,0.68726
0.6663,0.40948
0.6664,0.38748
0.6665,0.945992
0.6666,0.52516
0.6667,0.81485
0.6668,0.436408
0.6669,0.850718
0.667,0.56608
0.6671,0.686299
0.6672,0.745525
0.6673,0.791568
0.6674,0.836931
0.6675,0.900759
0.6676,0.814083
0.6677,0.614034
0.6678,0.839031
0.6679,0.405816
0.668,0.383438
0.6681,0.853029
0.6682,0.582794
0.6683,0.742958
0.6684,0.587643
0.6685,0.396211
0.6686,0.919251
0.6687,0.979055
0.6688,0.756816
0.6689,0.758888
0.669,0.576104
0.6691,0.801949
0.6692,0.912977
0.6693,0.904094
0.6694,0.862056
0.6695,0.3752
0.6696,0.96558
0.6697,0.611196
0.6698,0.901268
0.6699,0.987119
0.67,0.432175
0.6701,0.450752
0.6702,0.777531
0.6703,1.22272
0.6704,1.00633
0.6705,0.916947
0.6706,1.02694
0.6707,1.24893
0.6708,0.959489
0.6709,1.19832
0.671,0.378822
0.6711,0.991883
0.6712,0.815082
0.6713,1.02585
0.6714,1.22676
0.6715,1.25861
0.6716,1.24203
0.6717,0.577367
0.6718,1.14981
0.6719,0.93012
0.672,0.972153
0.6721,0.949734
0.6722,1.23065
0.6723,1.06704
0.6724,1.06579
0.6725,1.0246
0.6726,0.838396
0.6727,0.911623
0.6728,0.515606
0.6729,1.0681
0.673,1.26159
0.6731,1.10588
0.6732,0.619582
0.6733,0.765231
0.6734,0.982916
0.6735,1.15545
0.6736,0.377936
0.6737,0.388477
0.6738,0.975078
0.6739,0.978332
0.674,0.671447
0.6741,0.878582
0.6742,0.944842
0.6743,1.12673
0.6744,1.17095
0.6745,1.03369
0.6746,0.999002
0.6747,0.455937
0.6748,0.923604
0.6749,1.24639
0.675,0.825577
0.6751,1.12452
0.6752,0.611832
0.6753,0.928244
0.6754,0.819025
0.6755,1.15055
0.6756,0.891331
0.6757,1.14361
0.6758,0.86932
0.6759,1.205
0.676,1.13923
0.6761,1.06118
0.6762,1.12856
0.6763,0.492875
0.6764,0.441467
0.6765,0.661486
0.6766,1.04714
0.6767,0.630873
0.6768,1.24314
0.6769,0.343998
0.677,0.399045
0.6771,1.21111
0.6772,1.22824
0.6773,0.600803
0.6774,0.966751
0.6775,0.673065
0.6776,1.26652
0.6777,1.26907
0.6778,0.351284
0.6779,1.26752
0.678,0.825237
0.6781,0.982687
0.6782,0.839615
0.6783,0.431744
0.6784,0.956032
0.6785,0.339568
0.6786,1.03234
0.6787,1.06528
0.6788,0.383754
0.6789,0.355497
0.679,0.860935
0.6791,0.68466
0.6792,1.26364
0.6793,0.684415
0.6794,1.09611
0.6795,0.758632
0.6796,0.567267
0.6797,0.862374
0.6798,0.937085
0.6799,0.934653
0.68,0.80191
0.6801,0.331612
0.6802,0.518791
0.6803,0.968658
0.6804,1.16075
0.6805,1.2321
0.6806,1.22361
0.6807,1.19401
0.6808,0.336981
0.6809,0.41169
0.681,1.05251
0.6811,1.00079
0.6812,0.444471
0.6813,1.00811
0.6814,0.429331
0.6815,0.935021
0.6816,1.12085
0.6817,0.735573
0.6818,0.373386
0.6819,1.12005
0.682,0.570829
0.6821,0.938282
0.6822,0.361073
0.6823,1.27362
0.6824,0.992695
0.6825,1.2648
0.6826,0.860078
0.6827,1.12117
0.6828,0.592005
0.6829,0.548607
0.683,1.25655
0.6831,0.944733
0.6832,0.597038
0.6833,1.13291
0.6834,1.04632
0.6835,0.325441
0.6836,0.428761
0.6837,0.339365
0.6838,0.326213
0.6839,1.21962
0.684,1.27531
0.6841,1.11746
0.6842,1.27082
0.6843,0.470945
0.6844,1.03745
0.6845,1.13385
0.6846,1.27585
0.6847,1.27598
0.6848,1.27606
0.6849,1.27612
0.685,1.27617
0.6851,1.2762
0.6852,1.27624
0.6853,1.27639
0.6854,0.893538
0.6855,0.311391
0.6856,0.311705
0.6857,1.14477
0.6858,0.69353
0.6859,1.1576
0.686,0.306016
0.6861,1.27526
0.6862,1.27391
0.6863,0.313302
0.6864,0.80661
0.6865,0.790411
0.6866,0.307378
0.6867,0.747757
0.6868,1.22881
0.6869,0.877909
0.687,0.915353
0.6871,0.4754
0.6872,1.13799
0.6873,1.04539
0.6874,0.924658
0.6875,0.67502
0.6876,1.23805
0.6877,1.10227
0.6878,1.26234
0.6879,1.27784
0.688,1.05602
0.6881,1.1581
0.6882,1.03299
0.6883,0.89186
0.6884,1.00397
0.6885,0.350157
0.6886,0.934716
0.6887,1.02055
0.6888,1.09163
0.6889,0.990668
0.689,1.24901
0.6891,1.27979
0.6892,1.04316
0.6893,0.613624
0.6894,0.8863
0.6895,0.976264
0.6896,0.868588
0.6897,0.699934
0.6898,0.523762
0.6899,1.27804
0.69,0.432848
0.6901,1.15905
0.6902,0.820555
0.6903,1.2808
0.6904,1.15485
0.6905,1.15851
0.6906,1.1666
0.6907,1.00108
0.6908,1.1974
0.6909,1.18577
0.691,1.11456
0.6911,0.931022
0.6912,0.852386
0.6913,0.745553
0.6914,1.1634
0.6915,1.2152
0.6916,0.88448
0.6917,0.852119
0.6918,1.21075
0.6919,0.348739
0.692,0.695539
0.6921,1.20453
0.6922,1.02103
0.6923,0.449105
0.6924,1.27966
0.6925,0.620554
0.6926,0.891316
0.6927,0.479799
0.6928,0.840673
0.6929,0.327669
0.693,0.281837
0.6931,1.01547
0.6932,1.20276
0.6933,1.09742
0.6934,0.731251
0.6935,1.11171
0.6936,1.14564
0.6937,0.823628
0.6938,0.393147
0.6939,1.04617
0.694,0.889745
0.6941,0.361271
0.6942,0.273435
0.6943,1.22881
0.6944,0.922522
0.6945,0.904749
0.6946,1.07464
0.6947,1.18486
0.6948,0.271386
0.6949,1.05644
0.695,1.25602
0.6951,1.18636
0.6952,1.21326
0.6953,0.500221
0.6954,0.984023
0.6955,1.24319
0.6956,0.563172
0.6957,0.393632
0.6958,1.21392
0.6959,1.02978
0.696,1.22177
0.6961,0.293767
0.6962,0.751509
0.6963,0.271681
0.6964,0.44154
0.6965,1.02928
0.6966,0.385296
0.6967,1.05274
0.6968,0.944822
0.6969,0.263643
0.697,1.20616
0.6971,1.11106
0.6972,1.27195
0.6973,0.804967
0.6974,0.633552
0.6975,1.23718
0.6976,0.326983
0.6977,0.390654
0.6978,0.591671
0.6979,0.72565
0.698,1.18768
0.6981,0.572651
0.6982,0.9044
0.6983,1.2862
0.6984,0.996038
0.6985,0.516881
0.6986,0.341362
0.6987,0.781282
0.6988,0.263955
0.6989,0.606194
0.699,0.87499
0.6991,0.930079
0.6992,1.26227
0.6993,0.87738
0.6994,0.981786
0.6995,1.18406
0.6996,0.929835
0.6997,0.769218
0.6998,0.926616
0.6999,0.787125
0.7,0.462133
0.7001,0.642944
0.7002,0.904944
0.7003,0.309541
0.7004,0.301924
0.7005,1.28785
0.7006,0.596444
0.7007,0.986906
0.7008,0.779059
0.7009,1.23844
0.701,1.2363
0.7011,0.268328
0.7012,1.09223
0.7013,0.244628
0.7014,1.27114
0.7015,0.58538
0.7016,0.992945
0.7017,0.745391
0.7018,1.25883
0.7019,0.888791
0.702,0.757167
0.7021,1.01173
0.7022,0.278188
0.7023,1.03884
0.7024,1.20216
0.7025,0.361617
0.7026,0.350698
0.7027,0.395211
0.7028,0.242953
0.7029,0.760919
0.703,1.12145
0.7031,0.507229
0.7032,1.25409
0.7033,1.05891
0.7034,1.14617
0.7035,0.898246
0.7036,0.981624
0.7037,1.01078
0.7038,1.20224
0.7039,1.18048
0.704,0.644531
0.7041,0.536106
0.7042,0.690674
0.7043,0.772289
0.7044,1.29198
0.7045,0.954149
0.7046,1.28802
0.7047,1.15658
0.7048,0.803572
0.7049,0.526531
0.705,1.2366
0.7051,0.622093
0.7052,1.28779
0.7053,1.25462
0.7054,0.986247
0.7055,0.692999
0.7056,0.248587
0.7057,0.812206
0.7058,0.733698
0.7059,1.29359
0.706,1.27914
0.7061,1.09104
0.7062,0.785761
0.7063,1.26931
0.7064,0.813663
0.7065,0.44476
0.7066,0.772788
0.7067,0.619807
0.7068,1.2919
0.7069,0.703691
0.707,1.29455
0.7071,0.70863
0.7072,0.213996
0.7073,0.212889
0.7074,0.212042
0.7075,0.211326
0.7076,0.210693
0.7077,0.210119
0.7078,0.209589
0.7079,0.209095
0.708,0.208629
0.7081,0.208187
0.7082,0.207766
0.7083,0.207363
0.7084,0.206975
0.7085,0.2066
0.7086,0.206238
0.7087,0.205888
0.7088,0.205547
0.7089,0.205215
0.709,0.204892
0.7091,0.204577
0.7092,0.204269
0.7093,0.203968
0.7094,0.203673
0.7095,0.203384
0.7096,0.2031
0.7097,0.202822
0.7098,0.202548
0.7099,0.202279
0.71,0.202015
0.7101,0.201755
0.7102,0.201498
0.7103,0.201246
0.7104,0.202293
0.7105,0.203785
0.7106,0.204701
0.7107,0.205421
0.7108,0.206033
0.7109,0.206573
0.711,0.207061
0.7111,0.207509
0.7112,0.207926
0.7113,0.208316
0.7114,0.208684
0.7115,0.209033
0.7116,0.209366
0.7117,0.209684
0.7118,0.209989
0.7119,0.210504
0.712,0.208182
0.7121,0.189592
0.7122,0.189169
0.7123,0.189021
0.7124,0.192257
0.7125,0.193388
0.7126,0.190793
0.7127,0.191834
0.7128,0.200995
0.7129,0.196383
0.713,0.190074
0.7131,0.197854
0.7132,0.212379
0.7133,0.193355
0.7134,0.202303
0.7135,0.225472
0.7136,0.223149
0.7137,0.19787
0.7138,0.203522
0.7139,0.219876
0.714,0.180675
0.7141,0.228961
0.7142,0.234037
0.7143,1.28703
0.7144,0.197758
0.7145,0.719227
0.7146,1.2844
0.7147,0.691816
0.7148,1.26679
0.7149,1.28497
0.715,0.4092
0.7151,0.919762
0.7152,0.175595
0.7153,1.3007
0.7154,1.30242
0.7155,0.184914
0.7156,0.700115
0.7157,0.767402
0.7158,1.27355
0.7159,0.235361
0.716,0.908257
0.7161,1.17054
0.7162,1.23556
0.7163,1.05352
0.7164,0.710402
0.7165,1.30368
0.7166,0.25583
0.7167,0.603532
0.7168,0.915595
0.7169,1.15519
0.717,0.692918
0.7171,0.254769
0.7172,0.858613
0.7173,0.229064
0.7174,0.475315
0.7175,1.28459
0.7176,0.168047
0.7177,0.437443
0.7178,0.557689
0.7179,0.873956
0.718,1.12208
0.7181,1.16135
0.7182,0.940266
0.7183,1.06845
0.7184,1.2848
0.7185,1.2
0.7186,1.29664
0.7187,0.642509
0.7188,1.30385
0.7189,0.983314
0.719,0.683393
0.7191,0.226011
0.7192,0.345826
0.7193,0.349654
0.7194,0.993057
0.7195,0.884612
0.7196,0.912022
0.7197,0.15611
0.7198,1.30233
0.7199,0.173865
0.72,1.28924
0.7201,1.30649
0.7202,0.628162
0.7203,0.831525
0.7204,1.04999
0.7205,1.04466
0.7206,0.18109
0.7207,1.28145
0.7208,0.399031
0.7209,1.27932
0.721,1.23276
0.7211,1.20117
0.7212,0.864839
0.7213,0.616667
0.7214,0.953058
0.7215,0.547627
0.7216,1.20253
0.7217,1.29507
0.7218,0.560234
0.7219,0.426303
0.722,0.281832
0.7221,1.22686
0.7222,1.13059
0.7223,0.460843
0.7224,0.496907
0.7225,0.711218
0.7226,1.28574
0.7227,0.895001
0.7228,0.64358
0.7229,0.925344
0.723,1.23293
0.7231,0.637441
0.7232,0.161115
0.7233,1.22549
0.7234,1.30787
0.7235,0.425009
0.7236,0.201391
0.7237,0.654661
0.7238,0.992131
0.7239,1.30712
0.724,1.20016
0.7241,0.18487
0.7242,1.02628
0.7243,0.947832
0.7244,1.12059
0.7245,0.995985
0.7246,1.22532
0.7247,1.17649
0.7248,1.28103
0.7249,0.44814
0.725,1.2573
0.7251,0.547631
0.7252,0.242817
0.7253,0.14443
0.7254,0.160612
0.7255,0.128884
0.7256,0.12494
0.7257,0.863778
0.7258,0.544871
0.7259,1.01722
0.726,0.454733
0.7261,0.149348
0.7262,0.675709
0.7263,1.14684
0.7264,1.14228
0.7265,1.14044
0.7266,1.31234
0.7267,0.121385
0.7268,0.385145
0.7269,1.13283
0.727,1.12677
0.7271,0.849613
0.7272,1.24179
0.7273,0.449505
0.7274,0.548487
0.7275,1.23056
0.7276,0.685988
0.7277,0.891653
0.7278,0.416695
0.7279,1.02542
0.728,1.27506
0.7281,0.594455
0.7282,1.10404
0.7283,1.30578
0.7284,0.529526
0.7285,0.597207
0.7286,1.11179
0.7287,1.22846
0.7288,1.15434
0.7289,0.573915
0.729,1.09987
0.7291,0.187504
0.7292,0.208605
0.7293,1.31378
0.7294,1.07331
0.7295,1.08323
0.7296,1.01748
0.7297,1.23178
0.7298,1.19986
0.7299,1.24983
0.73,0.384726
0.7301,1.18773
0.7302,0.622204
0.7303,1.09112
0.7304,0.44131
0.7305,1.22866
0.7306,0.340313
0.7307,0.281949
0.7308,1.15143
0.7309,1.31255
0.731,1.10394
0.7311,1.28686
0.7312,0.492674
0.7313,1.09645
0.7314,0.713361
0.7315,0.296113
0.7316,1.18032
0.7317,0.440345
0.7318,0.57589
0.7319,1.07447
0.732,0.945293
0.7321,1.11878
0.7322,1.24891
0.7323,1.00083
0.7324,0.396235
0.7325,0.723009
0.7326,0.458316
0.7327,1.21899
0.7328,0.991519
0.7329,0.0957963
0.733,1.21968
0.7331,1.15748
0.7332,0.550701
0.7333,1.31788
0.7334,1.29619
0.7335,0.221986
0.7336,0.560976
0.7337,0.826493
0.7338,0.90045
0.7339,0.31238
0.734,0.44933
0.7341,0.426034
0.7342,1.31808
0.7343,0.307866
0.7344,1.31949
0.7345,0.0811144
0.7346,1.30853
0.7347,1.19854
0.7348,0.0902451
0.7349,0.117533
0.735,1.22567
0.7351,1.31767
0.7352,1.06896
0.7353,0.390308
0.7354,1.31604
0.7355,0.578497
0.7356,0.317871
0.7357,1.22565
0.7358,0.647116
0.7359,0.173679
0.736,0.510959
0.7361,0.113508
0.7362,1.21134
0.7363,0.116123
0.7364,0.251768
0.7365,0.31537
0.7366,1.31894
0.7367,0.64188
0.7368,0.0703178
0.7369,0.36943
0.737,0.242095
0.7371,1.23578
0.7372,0.264487
0.7373,0.249895
0.7374,0.247492
0.7375,1.17573
0.7376,0.986938
0.7377,0.75935
0.7378,0.774478
0.7379,0.468143
0.738,0.640967
0.7381,0.491639
0.7382,0.60867
0.7383,1.15059
0.7384,0.127153
0.7385,0.378706
0.7386,1.06129
0.7387,0.229514
0.7388,0.312734
0.7389,1.30529
0.739,1.14698
0.7391,1.09239
0.7392,1.30829
0.7393,0.116421
0.7394,1.17293
0.7395,0.50169
0.7396,0.236257
0.7397,0.872001
0.7398,0.36848
0.7399,0.852448
0.74,1.12921
0.7401,0.197775
0.7402,0.0514832
0.7403,0.0509008
0.7404,0.204819
0.7405,1.1957
0.7406,1.10409
0.7407,0.555196
0.7408,1.286
0.7409,0.828222
0.741,0.438694
0.7411,0.315043
0.7412,1.28119
0.7413,1.31937
0.7414,0.236162
0.7415,0.910823
0.7416,0.925925
0.7417,0.635539
0.7418,1.28354
0.7419,0.44261
0.742,1.30529
0.7421,0.676366
0.7422,0.930839
0.7423,1.02152
0.7424,0.0833955
0.7425,0.555622
0.7426,1.31038
0.7427,0.855698
0.7428,1.32667
0.7429,1.19607
0.743,0.234719
0.7431,1.31381
0.7432,0.227618
0.7433,0.169042
0.7434,0.52594
0.7435,1.11821
0.7436,0.860503
0.7437,1.05716
0.7438,0.958034
0.7439,0.810693
0.744,0.0365479
0.7441,1.0628
0.7442,0.545411
0.7443,1.20828
0.7444,1.1472
0.7445,0.860908
0.7446,0.646001
0.7447,1.3056
0.7448,0.0499349
0.7449,0.519319
0.745,1.31669
0.7451,0.412433
0.7452,0.257924
0.7453,1.2404
0.7454,0.0243946
0.7455,0.136308
0.7456,0.391208
0.7457,0.26172
0.7458,1.26131
0.7459,0.797136
0.746,0.021765
0.7461,1.04944
0.7462,0.0905474
0.7463,1.01789
0.7464,0.792131
0.7465,0.828534
0.7466,0.0193368
0.7467,1.08518
0.7468,0.530854
0.7469,0.863531
0.747,0.40338
0.7471,1.31237
0.7472,1.04343
0.7473,1.03353
0.7474,0.833524
0.7475,0.110827
0.7476,0.0681796
0.7477,0.185882
0.7478,1.31686
0.7479,1.24889
0.748,0.320459
0.7481,1.10976
0.7482,1.27063
0.7483,0.779159
0.7484,0.309515
0.7485,0.0245057
0.7486,1.30588
0.7487,0.281278
0.7488,1.28078
0.7489,0.835221
0.749,0.858765
0.7491,1.27911
0.7492,1.25941
0.7493,0.2273
0.7494,0.00321666
0.7495,1.24315
0.7496,0.579502
0.7497,0.407869
0.7498,1.08119
0.7499,1.2705
0.75,0.183165
0.7501,-inf
0.7502,-inf
0.7503,-inf
0.7504,-inf
0.7505,-inf
0.7506,-inf
0.7507,-inf
0.7508,-inf
0.7509,-inf
0.751,-inf
0.7511,-inf
0.7512,-inf
0.7513,-inf
0.7514,-inf
0.7515,-inf
0.7516,-inf
0.7517,-inf
0.7518,-inf
0.7519,-inf
0.752,-inf
0.7521,-inf
0.7522,-inf
0.7523,-inf
0.7524,-inf
0.7525,-inf
0.7526,-inf
0.7527,-inf
0.7528,-inf
0.7529,-inf
0.753,-inf
0.7531,-inf
0.7532,-inf
0.7533,-inf
0.7534,-inf
0.7535,-inf
0.7536,-inf
0.7537,-inf
0.7538,-inf
0.7539,-inf
0.754,-inf
0.7541,-inf
0.7542,-inf
0.7543,-inf
0.7544,-inf
0.7545,-inf
0.7546,-inf
0.7547,-inf
0.7548,-inf
0.7549,-inf
0.755,-inf
0.7551,-inf
0.7552,-inf
0.7553,-inf
0.7554,-inf
0.7555,-inf
0.7556,-inf
0.7557,-inf
0.7558,-inf
0.7559,-inf
0.756,-inf
0.7561,-inf
0.7562,-inf
0.7563,-inf
0.7564,-inf
0.7565,-inf
0.7566,-inf
0.7567,-inf
0.7568,-inf
0.7569,-inf
0.757,-inf
0.7571,-inf
0.7572,-inf
0.7573,-inf
0.7574,-inf
0.7575,-inf
0.7576,-inf
0.7577,-inf
0.7578,-inf
0.7579,-inf
0.758,-inf
0.7581,-inf
0.7582,-inf
0.7583,-inf
0.7584,-inf
0.7585,-inf
0.7586,-inf
0.7587,-inf
0.7588,-inf
0.7589,-inf
0.759,-inf
0.7591,-inf
0.7592,-inf
0.7593,-inf
0.7594,-inf
0.7595,-inf
0.7596,-inf
0.7597,-inf
0.7598,-inf
0.7599,-inf
0.76,-inf
0.7601,-inf
0.7602,-inf
0.7603,-inf
0.7604,-inf
0.7605,-inf
0.7606,-inf
0.7607,-inf
0.7608,-inf
0.7609,-inf
0.761,-inf
0.7611,-inf
0.7612,-inf
0.7613,-inf
0.7614,-inf
0.7615,-inf
0.7616,-inf
0.7617,-inf
0.7618,-inf
0.7619,-inf
0.762,-inf
0.7621,-inf
0.7622,-inf
0.7623,-inf
0.7624,-inf
0.7625,-inf
0.7626,-inf
0.7627,-inf
0.7628,-inf
0.7629,-inf
0.763,-inf
0.7631,-inf
0.7632,-inf
0.7633,-inf
0.7634,-inf
0.7635,-inf
0.7636,-inf
0.7637,-inf
0.7638,-inf
0.7639,-inf
0.764,-inf
0.7641,-inf
0.7642,-inf
0.7643,-inf
0.7644,-inf
0.7645,-inf
0.7646,-inf
0.7647,-inf
0.7648,-inf
0.7649,-inf
0.765,-inf
0.7651,-inf
0.7652,-inf
0.7653,-inf
0.7654,-inf
0.7655,-inf
0.7656,-inf
0.7657,-inf
0.7658,-inf
0.7659,-inf
0.766,-inf
0.7661,-inf
0.7662,-inf
0.7663,-inf
0.7664,-inf
0.7665,-inf
0.7666,-inf
0.7667,-inf
0.7668,-inf
0.7669,-inf
0.767,-inf
0.7671,-inf
0.7672,-inf
0.7673,-inf
0.7674,-inf
0.7675,-inf
0.7676,-inf
0.7677,-inf
0.7678,-inf
0.7679,-inf
0.768,-inf
0.7681,-inf
0.7682,-inf
0.7683,-inf
0.7684,-inf
0.7685,-inf
0.7686,-inf
0.7687,-inf
0.7688,-inf
0.7689,-inf
0.769,-inf
0.7691,-inf
0.7692,-inf
0.7693,-inf
0.7694,-inf
0.7695,-inf
0.7696,-inf
0.7697,-inf
0.7698,-inf
0.7699,-inf
0.77,-inf
0.7701,-inf
0.7702,-inf
0.7703,-inf
0.7704,-inf
0.7705,-inf
0.7706,-inf
0.7707,-inf
0.7708,-inf
0.7709,-inf
0.771,-inf
0.7711,-inf
0.7712,-inf
0.7713,-inf
0.7714,-inf
0.7715,-inf
0.7716,-inf
0.7717,-inf
0.7718,-inf
0.7719,-inf
0.772,-inf
0.7721,-inf
0.7722,-inf
0.7723,-inf
0.7724,-inf
0.7725,-inf
0.7726,-inf
0.7727,-inf
0.7728,-inf
0.7729,-inf
0.773,-inf
0.7731,-inf
0.7732,-inf
0.7733,-inf
0.7734,-inf
0.7735,-inf
0.7736,-inf
0.7737,-inf
0.7738,-inf
0.7739,-inf
0.774,-inf
0.7741,-inf
0.7742,-inf
0.7743,-inf
0.7744,-inf
0.7745,-inf
0.7746,-inf
0.7747,-inf
0.7748,-inf
0.7749,-inf
0.775,-inf
0.7751,-inf
0.7752,-inf
0.7753,-inf
0.7754,-inf
0.7755,-inf
0.7756,-inf
0.7757,-inf
0.7758,-inf
0.7759,-inf
0.776,-inf
0.7761,-inf
0.7762,-inf
0.7763,-inf
0.7764,-inf
0.7765,-inf
0.7766,-inf
0.7767,-inf
0.7768,-inf
0.7769,-inf
0.777,-inf
0.7771,-inf
0.7772,-inf
0.7773,-inf
0.7774,-inf
0.7775,-inf
0.7776,-inf
0.7777,-inf
0.7778,-inf
0.7779,-inf
0.778,-inf
0.7781,-inf
0.7782,-inf
0.7783,-inf
0.7784,-inf
0.7785,-inf
0.7786,-inf
0.7787,-inf
0.7788,-inf
0.7789,-inf
0.779,-inf
0.7791,-inf
0.7792,-inf
0.7793,-inf
0.7794,-inf
0.7795,-inf
0.7796,-inf
0.7797,-inf
0.7798,-inf
0.7799,-inf
0.78,-inf
0.7801,-inf
0.7802,-inf
0.7803,-inf
0.7804,-inf
0.7805,-inf
0.7806,-inf
0.7807,-inf
0.7808,-inf
0.7809,-inf
0.781,-inf
0.7811,-inf
0.7812,-inf
0.7813,-inf
0.7814,-inf
0.7815,-inf
0.7816,-inf
0.7817,-inf
0.7818,-inf
0.7819,-inf
0.782,-inf
0.7821,-inf
0.7822,-inf
0.7823,-inf
0.7824,-inf
0.7825,-inf
0.7826,-inf
0.7827,-inf
0.7828,-inf
0.7829,-inf
0.783,-inf
0.7831,-inf
0.7832,-inf
0.7833,-inf
0.7834,-inf
0.7835,-inf
0.7836,-inf
0.7837,-inf
0.7838,-inf
0.7839,-inf
0.784,-inf
0.7841,-inf
0.7842,-inf
0.7843,-inf
0.7844,-inf
0.7845,-inf
0.7846,-inf
0.7847,-inf
0.7848,-inf
0.7849,-inf
0.785,-inf
0.7851,-inf
0.7852,-inf
0.7853,-inf
0.7854,-inf
0.7855,-inf
0.7856,-inf
0.7857,-inf
0.7858,-inf
0.7859,-inf
0.786,-inf
0.7861,-inf
0.7862,-inf
0.7863,-inf
0.7864,-inf
0.7865,-inf
0.7866,-inf
0.7867,-inf
0.7868,-inf
0.7869,-inf
0.787,-inf
0.7871,-inf
0.7872,-inf
0.7873,-inf
0.7874,-inf
0.7875,-inf
0.7876,-inf
0.7877,-inf
0.7878,-inf
0.7879,-inf
0.788,-inf
0.7881,-inf
0.7882,-inf
0.7883,-inf
0.7884,-inf
0.7885,-inf
0.7886,-inf
0.7887,-inf
0.7888,-inf
0.7889,-inf
0.789,-inf
0.7891,-inf
0.7892,-inf
0.7893,-inf
0.7894,-inf
0.7895,-inf
0.7896,-inf
0.7897,-inf
0.7898,-inf
0.7899,-inf
0.79,-inf
0.7901,-inf
0.7902,-inf
0.7903,-inf
0.7904,-inf
0.7905,-inf
0.7906,-inf
0.7907,-inf
0.7908,-inf
0.7909,-inf
0.791,-inf
0.7911,-inf
0.7912,-inf
0.7913,-inf
0.7914,-inf
0.7915,-inf
0.7916,-inf
0.7917,-inf
0.7918,-inf
0.7919,-inf
0.792,-inf
0.7921,-inf
0.7922,-inf
0.7923,-inf
0.7924,-inf
0.7925,-inf
0.7926,-inf
0.7927,-inf
0.7928,-inf
0.7929,-inf
0.793,-inf
0.7931,-inf
0.7932,-inf
0.7933,-inf
0.7934,-inf
0.7935,-inf
0.7936,-inf
0.7937,-inf
0.7938,-inf
0.7939,-inf
0.794,-inf
0.7941,-inf
0.7942,-inf
0.7943,-inf
0.7944,-inf
0.7945,-inf
0.7946,-inf
0.7947,-inf
0.7948,-inf
0.7949,-inf
0.795,-inf
0.7951,-inf
0.7952,-inf
0.7953,-inf
0.7954,-inf
0.7955,-inf
0.7956,-inf
0.7957,-inf
0.7958,-inf
0.7959,-inf
0.796,-inf
0.7961,-inf
0.7962,-inf
0.7963,-inf
0.7964,-inf
0.7965,-inf
0.7966,-inf
0.7967,-inf
0.7968,-inf
0.7969,-inf
0.797,-inf
0.7971,-inf
0.7972,-inf
0.7973,-inf
0.7974,-inf
0.7975,-inf
0.7976,-inf
0.7977,-inf
0.7978,-inf
0.7979,-inf
0.798,-inf
0.7981,-inf
0.7982,-inf
0.7983,-inf
0.7984,-inf
0.7985,-inf
0.7986,-inf
0.7987,-inf
0.7988,-inf
0.7989,-inf
0.799,-inf
0.7991,-inf
0.7992,-inf
0.7993,-inf
0.7994,-inf
0.7995,-inf
0.7996,-inf
0.7997,-inf
0.7998,-inf
0.7999,-inf
0.8,-inf
0.8001,-inf
0.8002,-inf
0.8003,-inf
0.8004,-inf
0.8005,-inf
0.8006,-inf
0.8007,-inf
0.8008,-inf
0.8009,-inf
0.801,-inf
0.8011,-inf
0.8012,-inf
0.8013,-inf
0.8014,-inf
0.8015,-inf
0.8016,-inf
0.8017,-inf
0.8018,-inf
0.8019,-inf
0.802,-inf
0.8021,-inf
0.8022,-inf
0.8023,-inf
0.8024,-inf
0.8025,-inf
0.8026,-inf
0.8027,-inf
0.8028,-inf
0.8029,-inf
0.803,-inf
0.8031,-inf
0.8032,-inf
0.8033,-inf
0.8034,-inf
0.8035,-inf
0.8036,-inf
0.8037,-inf
0.8038,-inf
0.8039,-inf
0.804,-inf
0.8041,-inf
0.8042,-inf
0.8043,-inf
0.8044,-inf
0.8045,-inf
0.8046,-inf
0.8047,-inf
0.8048,-inf
0.8049,-inf
0.805,-inf
0.8051,-inf
0.8052,-inf
0.8053,-inf
0.8054,-inf
0.8055,-inf
0.8056,-inf
0.8057,-inf
0.8058,-inf
0.8059,-inf
0.806,-inf
0.8061,-inf
0.8062,-inf
0.8063,-inf
0.8064,-inf
0.8065,-inf
0.8066,-inf
0.8067,-inf
0.8068,-inf
0.8069,-inf
0.807,-inf
0.8071,-inf
0.8072,-inf
0.8073,-inf
0.8074,-inf
0.8075,-inf
0.8076,-inf
0.8077,-inf
0.8078,-inf
0.8079,-inf
0.808,-inf
0.8081,-inf
0.8082,-inf
0.8083,-inf
0.8084,-inf
0.8085,-inf
0.8086,-inf
0.8087,-inf
0.8088,-inf
0.8089,-inf
0.809,-inf
0.8091,-inf
0.8092,-inf
0.8093,-inf
0.8094,-inf
0.8095,-inf
0.8096,-inf
0.8097,-inf
0.8098,-inf
0.8099,-inf
0.81,-inf
0.8101,-inf
0.8102,-inf
0.8103,-inf
0.8104,-inf
0.8105,-inf
0.8106,-inf
0.8107,-inf
0.8108,-inf
0.8109,-inf
0.811,-inf
0.8111,-inf
0.8112,-inf
0.8113,-inf
0.8114,-inf
0.8115,-inf
0.8116,-inf
0.8117,-inf
0.8118,-inf
0.8119,-inf
0.812,-inf
0.8121,-inf
0.8122,-inf
0.8123,-inf
0.8124,-inf
0.8125,-inf
0.8126,-inf
0.8127,-inf
0.8128,-inf
0.8129,-inf
0.813,-inf
0.8131,-inf
0.8132,-inf
0.8133,-inf
0.8134,-inf
0.8135,-inf
0.8136,-inf
0.8137,-inf
0.8138,-inf
0.8139,-inf
0.814,-inf
0.8141,-inf
0.8142,-inf
0.8143,-inf
0.8144,-inf
0.8145,-inf
0.8146,-inf
0.8147,-inf
0.8148,-inf
0.8149,-inf
0.815,-inf
0.8151,-inf
0.8152,-inf
0.8153,-inf
0.8154,-inf
0.8155,-inf
0.8156,-inf
0.8157,-inf
0.8158,-inf
0.8159,-inf
0.816,-inf
0.8161,-inf
0.8162,-inf
0.8163,-inf
0.8164,-inf
0.8165,-inf
0.8166,-inf
0.8167,-inf
0.8168,-inf
0.8169,-inf
0.817,-inf
0.8171,-inf
0.8172,-inf
0.8173,-inf
0.8174,-inf
0.8175,-inf
0.8176,-inf
0.8177,-inf
0.8178,-inf
0.8179,-inf
0.818,-inf
0.8181,-inf
0.8182,-inf
0.8183,-inf
0.8184,-inf
0.8185,-inf
0.8186,-inf
0.8187,-inf
0.8188,-inf
0.8189,-inf
0.819,-inf
0.8191,-inf
0.8192,-inf
0.8193,-inf
0.8194,-inf
0.8195,-inf
0.8196,-inf
0.8197,-inf
0.8198,-inf
0.8199,-inf
0.82,-inf
0.8201,-inf
0.8202,-inf
0.8203,-inf
0.8204,-inf
0.8205,-inf
0.8206,-inf
0.8207,-inf
0.8208,-inf
0.8209,-inf
0.821,-inf
0.8211,-inf
0.8212,-inf
0.8213,-inf
0.8214,-inf
0.8215,-inf
0.8216,-inf
0.8217,-inf
0.8218,-inf
0.8219,-inf
0.822,-inf
0.8221,-inf
0.8222,-inf
0.8223,-inf
0.8224,-inf
0.8225,-inf
0.8226,-inf
0.8227,-inf
0.8228,-inf
0.8229,-inf
0.823,-inf
0.8231,-inf
0.8232,-inf
0.8233,-inf
0.8234,-inf
0.8235,-inf
0.8236,-inf
0.8237,-inf
0.8238,-inf
0.8239,-inf
0.824,-inf
0.8241,-inf
0.8242,-inf
0.8243,-inf
0.8244,-inf
0.8245,-inf
0.8246,-inf
0.8247,-inf
0.8248,-inf
0.8249,-inf
0.825,-inf
0.8251,-inf
0.8252,-inf
0.8253,-inf
0.8254,-inf
0.8255,-inf
0.8256,-inf
0.8257,-inf
0.8258,-inf
0.8259,-inf
0.826,-inf
0.8261,-inf
0.8262,-inf
0.8263,-inf
0.8264,-inf
0.8265,-inf
0.8266,-inf
0.8267,-inf
0.8268,-inf
0.8269,-inf
0.827,-inf
0.8271,-inf
0.8272,-inf
0.8273,-inf
0.8274,-inf
0.8275,-inf
0.8276,-inf
0.8277,-inf
0.8278,-inf
0.8279,-inf
0.828,-inf
0.8281,-inf
0.8282,-inf
0.8283,-inf
0.8284,-inf
0.8285,-inf
0.8286,-inf
0.8287,-inf
0.8288,-inf
0.8289,-inf
0.829,-inf
0.8291,-inf
0.8292,-inf
0.8293,-inf
0.8294,-inf
0.8295,-inf
0.8296,-inf
0.8297,-inf
0.8298,-inf
0.8299,-inf
0.83,-inf
0.8301,-inf
0.8302,-inf
0.8303,-inf
0.8304,-inf
0.8305,-inf
0.8306,-inf
0.8307,-inf
0.8308,-inf
0.8309,-inf
0.831,-inf
0.8311,-inf
0.8312,-inf
0.8313,-inf
0.8314,-inf
0.8315,-inf
0.8316,-inf
0.8317,-inf
0.8318,-inf
0.8319,-inf
0.832,-inf
0.8321,-inf
0.8322,-inf
0.8323,-inf
0.8324,-inf
0.8325,-inf
0.8326,-inf
0.8327,-inf
0.8328,-inf
0.8329,-inf
0.833,-inf
0.8331,-inf
0.8332,-inf
0.8333,-inf
0.8334,-inf
0.8335,-inf
0.8336,-inf
0.8337,-inf
0.8338,-inf
0.8339,-inf
0.834,-inf
0.8341,-inf
0.8342,-inf
0.8343,-inf
0.8344,-inf
0.8345,-inf
0.8346,-inf
0.8347,-inf
0.8348,-inf
0.8349,-inf
0.835,-inf
0.8351,-inf
0.8352,-inf
0.8353,-inf
0.8354,-inf
0.8355,-inf
0.8356,-inf
0.8357,-inf
0.8358,-inf
0.8359,-inf
0.836,-inf
0.8361,-inf
0.8362,-inf
0.8363,-inf
0.8364,-inf
0.8365,-inf
0.8366,-inf
0.8367,-inf
0.8368,-inf
0.8369,-inf
0.837,-inf
0.8371,-inf
0.8372,-inf
0.8373,-inf
0.8374,-inf
0.8375,-inf
0.8376,-inf
0.8377,-inf
0.8378,-inf
0.8379,-inf
0.838,-inf
0.8381,-inf
0.8382,-inf
0.8383,-inf
0.8384,-inf
0.8385,-inf
0.8386,-inf
0.8387,-inf
0.8388,-inf
0.8389,-inf
0.839,-inf
0.8391,-inf
0.8392,-inf
0.8393,-inf
0.8394,-inf
0.8395,-inf
0.8396,-inf
0.8397,-inf
0.8398,-inf
0.8399,-inf
0.84,-inf
0.8401,-inf
0.8402,-inf
0.8403,-inf
0.8404,-inf
0.8405,-inf
0.8406,-inf
0.8407,-inf
0.8408,-inf
0.8409,-inf
0.841,-inf
0.8411,-inf
0.8412,-inf
0.8413,-inf
0.8414,-inf
0.8415,-inf
0.8416,-inf
0.8417,-inf
0.8418,-inf
0.8419,-inf
0.842,-inf
0.8421,-inf
0.8422,-inf
0.8423,-inf
0.8424,-inf
0.8425,-inf
0.8426,-inf
0.8427,-inf
0.8428,-inf
0.8429,-inf
0.843,-inf
0.8431,-inf
0.8432,-inf
0.8433,-inf
0.8434,-inf
0.8435,-inf
0.8436,-inf
0.8437,-inf
0.8438,-inf
0.8439,-inf
0.844,-inf
0.8441,-inf
0.8442,-inf
0.8443,-inf
0.8444,-inf
0.8445,-inf
0.8446,-inf
0.8447,-inf
0.8448,-inf
0.8449,-inf
0.845,-inf
0.8451,-inf
0.8452,-inf
0.8453,-inf
0.8454,-inf
0.8455,-inf
0.8456,-inf
0.8457,-inf
0.8458,-inf
0.8459,-inf
0.846,-inf
0.8461,-inf
0.8462,-inf
0.8463,-inf
0.8464,-inf
0.8465,-inf
0.8466,-inf
0.8467,-inf
0.8468,-inf
0.8469,-inf
0.847,-inf
0.8471,-inf
0.8472,-inf
0.8473,-inf
0.8474,-inf
0.8475,-inf
0.8476,-inf
0.8477,-inf
0.8478,-inf
0.8479,-inf
0.848,-inf
0.8481,-inf
0.8482,-inf
0.8483,-inf
0.8484,-inf
0.8485,-inf
0.8486,-inf
0.8487,-inf
0.8488,-inf
0.8489,-inf
0.849,-inf
0.8491,-inf
0.8492,-inf
0.8493,-inf
0.8494,-inf
0.8495,-inf
0.8496,-inf
0.8497,-inf
0.8498,-inf
0.8499,-inf
0.85,-inf
0.8501,-inf
0.8502,-inf
0.8503,-inf
0.8504,-inf
0.8505,-inf
0.8506,-inf
0.8507,-inf
0.8508,-inf
0.8509,-inf
0.851,-inf
0.8511,-inf
0.8512,-inf
0.8513,-inf
0.8514,-inf
0.8515,-inf
0.8516,-inf
0.8517,-inf
0.8518,-inf
0.8519,-inf
0.852,-inf
0.8521,-inf
0.8522,-inf
0.8523,-inf
0.8524,-inf
0.8525,-inf
0.8526,-inf
0.8527,-inf
0.8528,-inf
0.8529,-inf
0.853,-inf
0.8531,-inf
0.8532,-inf
0.8533,-inf
0.8534,-inf
0.8535,-inf
0.8536,-inf
0.8537,-inf
0.8538,-inf
0.8539,-inf
0.854,-inf
0.8541,-inf
0.8542,-inf
0.8543,-inf
0.8544,-inf
0.8545,-inf
0.8546,-inf
0.8547,-inf
0.8548,-inf
0.8549,-inf
0.855,-inf
0.8551,-inf
0.8552,-inf
0.8553,-inf
0.8554,-inf
0.8555,-inf
0.8556,-inf
0.8557,-inf
0.8558,-inf
0.8559,-inf
0.856,-inf
0.8561,-inf
0.8562,-inf
0.8563,-inf
0.8564,-inf
0.8565,-inf
0.8566,-inf
0.8567,-inf
0.8568,-inf
0.8569,-inf
0.857,-inf
0.8571,-inf
0.8572,-inf
0.8573,-inf
0.8574,-inf
0.8575,-inf
0.8576,-inf
0.8577,-inf
0.8578,-inf
0.8579,-inf
0.858,-inf
0.8581,-inf
0.8582,-inf
0.8583,-inf
0.8584,-inf
0.8585,-inf
0.8586,-inf
0.8587,-inf
0.8588,-inf
0.8589,-inf
0.859,-inf
0.8591,-inf
0.8592,-inf
0.8593,-inf
0.8594,-inf
0.8595,-inf
0.8596,-inf
0.8597,-inf
0.8598,-inf
0.8599,-inf
0.86,-inf
0.8601,-inf
0.8602,-inf
0.8603,-inf
0.8604,-inf
0.8605,-inf
0.8606,-inf
0.8607,-inf
0.8608,-inf
0.8609,-inf
0.861,-inf
0.8611,-inf
0.8612,-inf
0.8613,-inf
0.8614,-inf
0.8615,-inf
0.8616,-inf
0.8617,-inf
0.8618,-inf
0.8619,-inf
0.862,-inf
0.8621,-inf
0.8622,-inf
0.8623,-inf
0.8624,-inf
0.8625,-inf
0.8626,-inf
0.8627,-inf
0.8628,-inf
0.8629,-inf
0.863,-inf
0.8631,-inf
0.8632,-inf
0.8633,-inf
0.8634,-inf
0.8635,-inf
0.8636,-inf
0.8637,-inf
0.8638,-inf
0.8639,-inf
0.864,-inf
0.8641,-inf
0.8642,-inf
0.8643,-inf
0.8644,-inf
0.8645,-inf
0.8646,-inf
0.8647,-inf
0.8648,-inf
0.8649,-inf
0.865,-inf
0.8651,-inf
0.8652,-inf
0.8653,-inf
0.8654,-inf
0.8655,-inf
0.8656,-inf
0.8657,-inf
0.8658,-inf
0.8659,-inf
0.866,-inf
0.8661,-inf
0.8662,-inf
0.8663,-inf
0.8664,-inf
0.8665,-inf
0.8666,-inf
0.8667,-inf
0.8668,-inf
0.8669,-inf
0.867,-inf
0.8671,-inf
0.8672,-inf
0.8673,-inf
0.8674,-inf
0.8675,-inf
0.8676,-inf
0.8677,-inf
0.8678,-inf
0.8679,-inf
0.868,-inf
0.8681,-inf
0.8682,-inf
0.8683,-inf
0.8684,-inf
0.8685,-inf
0.8686,-inf
0.8687,-inf
0.8688,-inf
0.8689,-inf
0.869,-inf
0.8691,-inf
0.8692,-inf
0.8693,-inf
0.8694,-inf
0.8695,-inf
0.8696,-inf
0.8697,-inf
0.8698,-inf
0.8699,-inf
0.87,-inf
0.8701,-inf
0.8702,-inf
0.8703,-inf
0.8704,-inf
0.8705,-inf
0.8706,-inf
0.8707,-inf
0.8708,-inf
0.8709,-inf
0.871,-inf
0.8711,-inf
0.8712,-inf
0.8713,-inf
0.8714,-inf
0.8715,-inf
0.8716,-inf
0.8717,-inf
0.8718,-inf
0.8719,-inf
0.872,-inf
0.8721,-inf
0.8722,-inf
0.8723,-inf
0.8724,-inf
0.8725,-inf
0.8726,-inf
0.8727,-inf
0.8728,-inf
0.8729,-inf
0.873,-inf
0.8731,-inf
0.8732,-inf
0.8733,-inf
0.8734,-inf
0.8735,-inf
0.8736,-inf
0.8737,-inf
0.8738,-inf
0.8739,-inf
0.874,-inf
0.8741,-inf
0.8742,-inf
0.8743,-inf
0.8744,-inf
0.8745,-inf
0.8746,-inf
0.8747,-inf
0.8748,-inf
0.8749,-inf
0.875,-inf
0.8751,-inf
0.8752,-inf
0.8753,-inf
0.8754,-inf
0.8755,-inf
0.8756,-inf
0.8757,-inf
0.8758,-inf
0.8759,-inf
0.876,-inf
0.8761,-inf
0.8762,-inf
0.8763,-inf
0.8764,-inf
0.8765,-inf
0.8766,-inf
0.8767,-inf
0.8768,-inf
0.8769,-inf
0.877,-inf
0.8771,-inf
0.8772,-inf
0.8773,-inf
0.8774,-inf
0.8775,-inf
0.8776,-inf
0.8777,-inf
0.8778,-inf
0.8779,-inf
0.878,-inf
0.8781,-inf
0.8782,-inf
0.8783,-inf
0.8784,-inf
0.8785,-inf
0.8786,-inf
0.8787,-inf
0.8788,-inf
0.8789,-inf
0.879,-inf
0.8791,-inf
0.8792,-inf
0.8793,-inf
0.8794,-inf
0.8795,-inf
0.8796,-inf
0.8797,-inf
0.8798,-inf
0.8799,-inf
0.88,-inf
0.8801,-inf
0.8802,-inf
0.8803,-inf
0.8804,-inf
0.8805,-inf
0.8806,-inf
0.8807,-inf
0.8808,-inf
0.8809,-inf
0.881,-inf
0.8811,-inf
0.8812,-inf
0.8813,-inf
0.8814,-inf
0.8815,-inf
0.8816,-inf
0.8817,-inf
0.8818,-inf
0.8819,-inf
0.882,-inf
0.8821,-inf
0.8822,-inf
0.8823,-inf
0.8824,-inf
0.8825,-inf
0.8826,-inf
0.8827,-inf
0.8828,-inf
0.8829,-inf
0.883,-inf
0.8831,-inf
0.8832,-inf
0.8833,-inf
0.8834,-inf
0.8835,-inf
0.8836,-inf
0.8837,-inf
0.8838,-inf
0.8839,-inf
0.884,-inf
0.8841,-inf
0.8842,-inf
0.8843,-inf
0.8844,-inf
0.8845,-inf
0.8846,-inf
0.8847,-inf
0.8848,-inf
0.8849,-inf
0.885,-inf
0.8851,-inf
0.8852,-inf
0.8853,-inf
0.8854,-inf
0.8855,-inf
0.8856,-inf
0.8857,-inf
0.8858,-inf
0.8859,-inf
0.886,-inf
0.8861,-inf
0.8862,-inf
0.8863,-inf
0.8864,-inf
0.8865,-inf
0.8866,-inf
0.8867,-inf
0.8868,-inf
0.8869,-inf
0.887,-inf
0.8871,-inf
0.8872,-inf
0.8873,-inf
0.8874,-inf
0.8875,-inf
0.8876,-inf
0.8877,-inf
0.8878,-inf
0.8879,-inf
0.888,-inf
0.8881,-inf
0.8882,-inf
0.8883,-inf
0.8884,-inf
0.8885,-inf
0.8886,-inf
0.8887,-inf
0.8888,-inf
0.8889,-inf
0.889,-inf
0.8891,-inf
0.8892,-inf
0.8893,-inf
0.8894,-inf
0.8895,-inf
0.8896,-inf
0.8897,-inf
0.8898,-inf
0.8899,-inf
0.89,-inf
0.8901,-inf
0.8902,-inf
0.8903,-inf
0.8904,-inf
0.8905,-inf
0.8906,-inf
0.8907,-inf
0.8908,-inf
0.8909,-inf
0.891,-inf
0.8911,-inf
0.8912,-inf
0.8913,-inf
0.8914,-inf
0.8915,-inf
0.8916,-inf
0.8917,-inf
0.8918,-inf
0.8919,-inf
0.892,-inf
0.8921,-inf
0.8922,-inf
0.8923,-inf
0.8924,-inf
0.8925,-inf
0.8926,-inf
0.8927,-inf
0.8928,-inf
0.8929,-inf
0.893,-inf
0.8931,-inf
0.8932,-inf
0.8933,-inf
0.8934,-inf
0.8935,-inf
0.8936,-inf
0.8937,-inf
0.8938,-inf
0.8939,-inf
0.894,-inf
0.8941,-inf
0.8942,-inf
0.8943,-inf
0.8944,-inf
0.8945,-inf
0.8946,-inf
0.8947,-inf
0.8948,-inf
0.8949,-inf
0.895,-inf
0.8951,-inf
0.8952,-inf
0.8953,-inf
0.8954,-inf
0.8955,-inf
0.8956,-inf
0.8957,-inf
0.8958,-inf
0.8959,-inf
0.896,-inf
0.8961,-inf
0.8962,-inf
0.8963,-inf
0.8964,-inf
0.8965,-inf
0.8966,-inf
0.8967,-inf
0.8968,-inf
0.8969,-inf
0.897,-inf
0.8971,-inf
0.8972,-inf
0.8973,-inf
0.8974,-inf
0.8975,-inf
0.8976,-inf
0.8977,-inf
0.8978,-inf
0.8979,-inf
0.898,-inf
0.8981,-inf
0.8982,-inf
0.8983,-inf
0.8984,-inf
0.8985,-inf
0.8986,-inf
0.8987,-inf
0.8988,-inf
0.8989,-inf
0.899,-inf
0.8991,-inf
0.8992,-inf
0.8993,-inf
0.8994,-inf
0.8995,-inf
0.8996,-inf
0.8997,-inf
0.8998,-inf
0.8999,-inf
0.9,-inf
0.9001,-inf
0.9002,-inf
0.9003,-inf
0.9004,-inf
0.9005,-inf
0.9006,-inf
0.9007,-inf
0.9008,-inf
0.9009,-inf
0.901,-inf
0.9011,-inf
0.9012,-inf
0.9013,-inf
0.9014,-inf
0.9015,-inf
0.9016,-inf
0.9017,-inf
0.9018,-inf
0.9019,-inf
0.902,-inf
0.9021,-inf
0.9022,-inf
0.9023,-inf
0.9024,-inf
0.9025,-inf
0.9026,-inf
0.9027,-inf
0.9028,-inf
0.9029,-inf
0.903,-inf
0.9031,-inf
0.9032,-inf
0.9033,-inf
0.9034,-inf
0.9035,-inf
0.9036,-inf
0.9037,-inf
0.9038,-inf
0.9039,-inf
0.904,-inf
0.9041,-inf
0.9042,-inf
0.9043,-inf
0.9044,-inf
0.9045,-inf
0.9046,-inf
0.9047,-inf
0.9048,-inf
0.9049,-inf
0.905,-inf
0.9051,-inf
0.9052,-inf
0.9053,-inf
0.9054,-inf
0.9055,-inf
0.9056,-inf
0.9057,-inf
0.9058,-inf
0.9059,-inf
0.906,-inf
0.9061,-inf
0.9062,-inf
0.9063,-inf
0.9064,-inf
0.9065,-inf
0.9066,-inf
0.9067,-inf
0.9068,-inf
0.9069,-inf
0.907,-inf
0.9071,-inf
0.9072,-inf
0.9073,-inf
0.9074,-inf
0.9075,-inf
0.9076,-inf
0.9077,-inf
0.9078,-inf
0.9079,-inf
0.908,-inf
0.9081,-inf
0.9082,-inf
0.9083,-inf
0.9084,-inf
0.9085,-inf
0.9086,-inf
0.9087,-inf
0.9088,-inf
0.9089,-inf
0.909,-inf
0.9091,-inf
0.9092,-inf
0.9093,-inf
0.9094,-inf
0.9095,-inf
0.9096,-inf
0.9097,-inf
0.9098,-inf
0.9099,-inf
0.91,-inf
0.9101,-inf
0.9102,-inf
0.9103,-inf
0.9104,-inf
0.9105,-inf
0.9106,-inf
0.9107,-inf
0.9108,-inf
0.9109,-inf
0.911,-inf
0.9111,-inf
0.9112,-inf
0.9113,-inf
0.9114,-inf
0.9115,-inf
0.9116,-inf
0.9117,-inf
0.9118,-inf
0.9119,-inf
0.912,-inf
0.9121,-inf
0.9122,-inf
0.9123,-inf
0.9124,-inf
0.9125,-inf
0.9126,-inf
0.9127,-inf
0.9128,-inf
0.9129,-inf
0.913,-inf
0.9131,-inf
0.9132,-inf
0.9133,-inf
0.9134,-inf
0.9135,-inf
0.9136,-inf
0.9137,-inf
0.9138,-inf
0.9139,-inf
0.914,-inf
0.9141,-inf
0.9142,-inf
0.9143,-inf
0.9144,-inf
0.9145,-inf
0.9146,-inf
0.9147,-inf
0.9148,-inf
0.9149,-inf
0.915,-inf
0.9151,-inf
0.9152,-inf
0.9153,-inf
0.9154,-inf
0.9155,-inf
0.9156,-inf
0.9157,-inf
0.9158,-inf
0.9159,-inf
0.916,-inf
0.9161,-inf
0.9162,-inf
0.9163,-inf
0.9164,-inf
0.9165,-inf
0.9166,-inf
0.9167,-inf
0.9168,-inf
0.9169,-inf
0.917,-inf
0.9171,-inf
0.9172,-inf
0.9173,-inf
0.9174,-inf
0.9175,-inf
0.9176,-inf
0.9177,-inf
0.9178,-inf
0.9179,-inf
0.918,-inf
0.9181,-inf
0.9182,-inf
0.9183,-inf
0.9184,-inf
0.9185,-inf
0.9186,-inf
0.9187,-inf
0.9188,-inf
0.9189,-inf
0.919,-inf
0.9191,-inf
0.9192,-inf
0.9193,-inf
0.9194,-inf
0.9195,-inf
0.9196,-inf
0.9197,-inf
0.9198,-inf
0.9199,-inf
0.92,-inf
0.9201,-inf
0.9202,-inf
0.9203,-inf
0.9204,-inf
0.9205,-inf
0.9206,-inf
0.9207,-inf
0.9208,-inf
0.9209,-inf
0.921,-inf
0.9211,-inf
0.9212,-inf
0.9213,-inf
0.9214,-inf
0.9215,-inf
0.9216,-inf
0.9217,-inf
0.9218,-inf
0.9219,-inf
0.922,-inf
0.9221,-inf
0.9222,-inf
0.9223,-inf
0.9224,-inf
0.9225,-inf
0.9226,-inf
0.9227,-inf
0.9228,-inf
0.9229,-inf
0.923,-inf
0.9231,-inf
0.9232,-inf
0.9233,-inf
0.9234,-inf
0.9235,-inf
0.9236,-inf
0.9237,-inf
0.9238,-inf
0.9239,-inf
0.924,-inf
0.9241,-inf
0.9242,-inf
0.9243,-inf
0.9244,-inf
0.9245,-inf
0.9246,-inf
0.9247,-inf
0.9248,-inf
0.9249,-inf
0.925,-inf
0.9251,-inf
0.9252,-inf
0.9253,-inf
0.9254,-inf
0.9255,-inf
0.9256,-inf
0.9257,-inf
0.9258,-inf
0.9259,-inf
0.926,-inf
0.9261,-inf
0.9262,-inf
0.9263,-inf
0.9264,-inf
0.9265,-inf
0.9266,-inf
0.9267,-inf
0.9268,-inf
0.9269,-inf
0.927,-inf
0.9271,-inf
0.9272,-inf
0.9273,-inf
0.9274,-inf
0.9275,-inf
0.9276,-inf
0.9277,-inf
0.9278,-inf
0.9279,-inf
0.928,-inf
0.9281,-inf
0.9282,-inf
0.9283,-inf
0.9284,-inf
0.9285,-inf
0.9286,-inf
0.9287,-inf
0.9288,-inf
0.9289,-inf
0.929,-inf
0.9291,-inf
0.9292,-inf
0.9293,-inf
0.9294,-inf
0.9295,-inf
0.9296,-inf
0.9297,-inf
0.9298,-inf
0.9299,-inf
0.93,-inf
0.9301,-inf
0.9302,-inf
0.9303,-inf
0.9304,-inf
0.9305,-inf
0.9306,-inf
0.9307,-inf
0.9308,-inf
0.9309,-inf
0.931,-inf
0.9311,-inf
0.9312,-inf
0.9313,-inf
0.9314,-inf
0.9315,-inf
0.9316,-inf
0.9317,-inf
0.9318,-inf
0.9319,-inf
0.932,-inf
0.9321,-inf
0.9322,-inf
0.9323,-inf
0.9324,-inf
0.9325,-inf
0.9326,-inf
0.9327,-inf
0.9328,-inf
0.9329,-inf
0.933,-inf
0.9331,-inf
0.9332,-inf
0.9333,-inf
0.9334,-inf
0.9335,-inf
0.9336,-inf
0.9337,-inf
0.9338,-inf
0.9339,-inf
0.934,-inf
0.9341,-inf
0.9342,-inf
0.9343,-inf
0.9344,-inf
0.9345,-inf
0.9346,-inf
0.9347,-inf
0.9348,-inf
0.9349,-inf
0.935,-inf
0.9351,-inf
0.9352,-inf
0.9353,-inf
0.9354,-inf
0.9355,-inf
0.9356,-inf
0.9357,-inf
0.9358,-inf
0.9359,-inf
0.936,-inf
0.9361,-inf
0.9362,-inf
0.9363,-inf
0.9364,-inf
0.9365,-inf
0.9366,-inf
0.9367,-inf
0.9368,-inf
0.9369,-inf
0.937,-inf
0.9371,-inf
0.9372,-inf
0.9373,-inf
0.9374,-inf
0.9375,-inf
0.9376,-inf
0.9377,-inf
0.9378,-inf
0.9379,-inf
0.938,-inf
0.9381,-inf
0.9382,-inf
0.9383,-inf
0.9384,-inf
0.9385,-inf
0.9386,-inf
0.9387,-inf
0.9388,-inf
0.9389,-inf
0.939,-inf
0.9391,-inf
0.9392,-inf
0.9393,-inf
0.9394,-inf
0.9395,-inf
0.9396,-inf
0.9397,-inf
0.9398,-inf
0.9399,-inf
0.94,-inf
0.9401,-inf
0.9402,-inf
0.9403,-inf
0.9404,-inf
0.9405,-inf
0.9406,-inf
0.9407,-inf
0.9408,-inf
0.9409,-inf
0.941,-inf
0.9411,-inf
0.9412,-inf
0.9413,-inf
0.9414,-inf
0.9415,-inf
0.9416,-inf
0.9417,-inf
0.9418,-inf
0.9419,-inf
0.942,-inf
0.9421,-inf
0.9422,-inf
0.9423,-inf
0.9424,-inf
0.9425,-inf
0.9426,-inf
0.9427,-inf
0.9428,-inf
0.9429,-inf
0.943,-inf
0.9431,-inf
0.9432,-inf
0.9433,-inf
0.9434,-inf
0.9435,-inf
0.9436,-inf
0.9437,-inf
0.9438,-inf
0.9439,-inf
0.944,-inf
0.9441,-inf
0.9442,-inf
0.9443,-inf
0.9444,-inf
0.9445,-inf
0.9446,-inf
0.9447,-inf
0.9448,-inf
0.9449,-inf
0.945,-inf
0.9451,-inf
0.9452,-inf
0.9453,-inf
0.9454,-inf
0.9455,-inf
0.9456,-inf
0.9457,-inf
0.9458,-inf
0.9459,-inf
0.946,-inf
0.9461,-inf
0.9462,-inf
0.9463,-inf
0.9464,-inf
0.9465,-inf
0.9466,-inf
0.9467,-inf
0.9468,-inf
0.9469,-inf
0.947,-inf
0.9471,-inf
0.9472,-inf
0.9473,-inf
0.9474,-inf
0.9475,-inf
0.9476,-inf
0.9477,-inf
0.9478,-inf
0.9479,-inf
0.948,-inf
0.9481,-inf
0.9482,-inf
0.9483,-inf
0.9484,-inf
0.9485,-inf
0.9486,-inf
0.9487,-inf
0.9488,-inf
0.9489,-inf
0.949,-inf
0.9491,-inf
0.9492,-inf
0.9493,-inf
0.9494,-inf
0.9495,-inf
0.9496,-inf
0.9497,-inf
0.9498,-inf
0.9499,-inf
0.95,-inf
0.9501,-inf
0.9502,-inf
0.9503,-inf
0.9504,-inf
0.9505,-inf
0.9506,-inf
0.9507,-inf
0.9508,-inf
0.9509,-inf
0.951,-inf
0.9511,-inf
0.9512,-inf
0.9513,-inf
0.9514,-inf
0.9515,-inf
0.9516,-inf
0.9517,-inf
0.9518,-inf
0.9519,-inf
0.952,-inf
0.9521,-inf
0.9522,-inf
0.9523,-inf
0.9524,-inf
0.9525,-inf
0.9526,-inf
0.9527,-inf
0.9528,-inf
0.9529,-inf
0.953,-inf
0.9531,-inf
0.9532,-inf
0.9533,-inf
0.9534,-inf
0.9535,-inf
0.9536,-inf
0.9537,-inf
0.9538,-inf
0.9539,-inf
0.954,-inf
0.9541,-inf
0.9542,-inf
0.9543,-inf
0.9544,-inf
0.9545,-inf
0.9546,-inf
0.9547,-inf
0.9548,-inf
0.9549,-inf
0.955,-inf
0.9551,-inf
0.9552,-inf
0.9553,-inf
0.9554,-inf
0.9555,-inf
0.9556,-inf
0.9557,-inf
0.9558,-inf
0.9559,-inf
0.956,-inf
0.9561,-inf
0.9562,-inf
0.9563,-inf
0.9564,-inf
0.9565,-inf
0.9566,-inf
0.9567,-inf
0.9568,-inf
0.9569,-inf
0.957,-inf
0.9571,-inf
0.9572,-inf
0.9573,-inf
0.9574,-inf
0.9575,-inf
0.9576,-inf
0.9577,-inf
0.9578,-inf
0.9579,-inf
0.958,-inf
0.9581,-inf
0.9582,-inf
0.9583,-inf
0.9584,-inf
0.9585,-inf
0.9586,-inf
0.9587,-inf
0.9588,-inf
0.9589,-inf
0.959,-inf
0.9591,-inf
0.9592,-inf
0.9593,-inf
0.9594,-inf
0.9595,-inf
0.9596,-inf
0.9597,-inf
0.9598,-inf
0.9599,-inf
0.96,-inf
0.9601,-inf
0.9602,-inf
0.9603,-inf
0.9604,-inf
0.9605,-inf
0.9606,-inf
0.9607,-inf
0.9608,-inf
0.9609,-inf
0.961,-inf
0.9611,-inf
0.9612,-inf
0.9613,-inf
0.9614,-inf
0.9615,-inf
0.9616,-inf
0.9617,-inf
0.9618,-inf
0.9619,-inf
0.962,-inf
0.9621,-inf
0.9622,-inf
0.9623,-inf
0.9624,-inf
0.9625,-inf
0.9626,-inf
0.9627,-inf
0.9628,-inf
0.9629,-inf
0.963,-inf
0.9631,-inf
0.9632,-inf
0.9633,-inf
0.9634,-inf
0.9635,-inf
0.9636,-inf
0.9637,-inf
0.9638,-inf
0.9639,-inf
0.964,-inf
0.9641,-inf
0.9642,-inf
0.9643,-inf
0.9644,-inf
0.9645,-inf
0.9646,-inf
0.9647,-inf
0.9648,-inf
0.9649,-inf
0.965,-inf
0.9651,-inf
0.9652,-inf
0.9653,-inf
0.9654,-inf
0.9655,-inf
0.9656,-inf
0.9657,-inf
0.9658,-inf
0.9659,-inf
0.966,-inf
0.9661,-inf
0.9662,-inf
0.9663,-inf
0.9664,-inf
0.9665,-inf
0.9666,-inf
0.9667,-inf
0.9668,-inf
0.9669,-inf
0.967,-inf
0.9671,-inf
0.9672,-inf
0.9673,-inf
0.9674,-inf
0.9675,-inf
0.9676,-inf
0.9677,-inf
0.9678,-inf
0.9679,-inf
0.968,-inf
0.9681,-inf
0.9682,-inf
0.9683,-inf
0.9684,-inf
0.9685,-inf
0.9686,-inf
0.9687,-inf
0.9688,-inf
0.9689,-inf
0.969,-inf
0.9691,-inf
0.9692,-inf
0.9693,-inf
0.9694,-inf
0.9695,-inf
0.9696,-inf
0.9697,-inf
0.9698,-inf
0.9699,-inf
0.97,-inf
0.9701,-inf
0.9702,-inf
0.9703,-inf
0.9704,-inf
0.9705,-inf
0.9706,-inf
0.9707,-inf
0.9708,-inf
0.9709,-inf
0.971,-inf
0.9711,-inf
0.9712,-inf
0.9713,-inf
0.9714,-inf
0.9715,-inf
0.9716,-inf
0.9717,-inf
0.9718,-inf
0.9719,-inf
0.972,-inf
0.9721,-inf
0.9722,-inf
0.9723,-inf
0.9724,-inf
0.9725,-inf
0.9726,-inf
0.9727,-inf
0.9728,-inf
0.9729,-inf
0.973,-inf
0.9731,-inf
0.9732,-inf
0.9733,-inf
0.9734,-inf
0.9735,-inf
0.9736,-inf
0.9737,-inf
0.9738,-inf
0.9739,-inf
0.974,-inf
0.9741,-inf
0.9742,-inf
0.9743,-inf
0.9744,-inf
0.9745,-inf
0.9746,-inf
0.9747,-inf
0.9748,-inf
0.9749,-inf
0.975,-inf
0.9751,-inf
0.9752,-inf
0.9753,-inf
0.9754,-inf
0.9755,-inf
0.9756,-inf
0.9757,-inf
0.9758,-inf
0.9759,-inf
0.976,-inf
0.9761,-inf
0.9762,-inf
0.9763,-inf
0.9764,-inf
0.9765,-inf
0.9766,-inf
0.9767,-inf
0.9768,-inf
0.9769,-inf
0.977,-inf
0.9771,-inf
0.9772,-inf
0.9773,-inf
0.9774,-inf
0.9775,-inf
0.9776,-inf
0.9777,-inf
0.9778,-inf
0.9779,-inf
0.978,-inf
0.9781,-inf
0.9782,-inf
0.9783,-inf
0.9784,-inf
0.9785,-inf
0.9786,-inf
0.9787,-inf
0.9788,-inf
0.9789,-inf
0.979,-inf
0.9791,-inf
0.9792,-inf
0.9793,-inf
0.9794,-inf
0.9795,-inf
0.9796,-inf
0.9797,-inf
0.9798,-inf
0.9799,-inf
0.98,-inf
0.9801,-inf
0.9802,-inf
0.9803,-inf
0.9804,-inf
0.9805,-inf
0.9806,-inf
0.9807,-inf
0.9808,-inf
0.9809,-inf
0.981,-inf
0.9811,-inf
0.9812,-inf
0.9813,-inf
0.9814,-inf
0.9815,-inf
0.9816,-inf
0.9817,-inf
0.9818,-inf
0.9819,-inf
0.982,-inf
0.9821,-inf
0.9822,-inf
0.9823,-inf
0.9824,-inf
0.9825,-inf
0.9826,-inf
0.9827,-inf
0.9828,-inf
0.9829,-inf
0.983,-inf
0.9831,-inf
0.9832,-inf
0.9833,-inf
0.9834,-inf
0.9835,-inf
0.9836,-inf
0.9837,-inf
0.9838,-inf
0.9839,-inf
0.984,-inf
0.9841,-inf
0.9842,-inf
0.9843,-inf
0.9844,-inf
0.9845,-inf
0.9846,-inf
0.9847,-inf
0.9848,-inf
0.9849,-inf
0.985,-inf
0.9851,-inf
0.9852,-inf
0.9853,-inf
0.9854,-inf
0.9855,-inf
0.9856,-inf
0.9857,-inf
0.9858,-inf
0.9859,-inf
0.986,-inf
0.9861,-inf
0.9862,-inf
0.9863,-inf
0.9864,-inf
0.9865,-inf
0.9866,-inf
0.9867,-inf
0.9868,-inf
0.9869,-inf
0.987,-inf
0.9871,-inf
0.9872,-inf
0.9873,-inf
0.9874,-inf
0.9875,-inf
0.9876,-inf
0.9877,-inf
0.9878,-inf
0.9879,-inf
0.988,-inf
0.9881,-inf
0.9882,-inf
0.9883,-inf
0.9884,-inf
0.9885,-inf
0.9886,-inf
0.9887,-inf
0.9888,-inf
0.9889,-inf
0.989,-inf
0.9891,-inf
0.9892,-inf
0.9893,-inf
0.9894,-inf
0.9895,-inf
0.9896,-inf
0.9897,-inf
0.9898,-inf
0.9899,-inf
0.99,-inf
0.9901,-inf
0.9902,-inf
0.9903,-inf
0.9904,-inf
0.9905,-inf
0.9906,-inf
0.9907,-inf
0.9908,-inf
0.9909,-inf
0.991,-inf
0.9911,-inf
0.9912,-inf
0.9913,-inf
0.9914,-inf
0.9915,-inf
0.9916,-inf
0.9917,-inf
0.9918,-inf
0.9919,-inf
0.992,-inf
0.9921,-inf
0.9922,-inf
0.9923,-inf
0.9924,-inf
0.9925,-inf
0.9926,-inf
0.9927,-inf
0.9928,-inf
0.9929,-inf
0.993,-inf
0.9931,-inf
0.9932,-inf
0.9933,-inf
0.9934,-inf
0.9935,-inf
0.9936,-inf
0.9937,-inf
0.9938,-inf
0.9939,-inf
0.994,-inf
0.9941,-inf
0.9942,-inf
0.9943,-inf
0.9944,-inf
0.9945,-inf
0.9946,-inf
0.9947,-inf
0.9948,-inf
0.9949,-inf
0.995,-inf
0.9951,-inf
0.9952,-inf
0.9953,-inf
0.9954,-inf
0.9955,-inf
0.9956,-inf
0.9957,-inf
0.9958,-inf
0.9959,-inf
0.996,-inf
0.9961,-inf
0.9962,-inf
0.9963,-inf
0.9964,-inf
0.9965,-inf
0.9966,-inf
0.9967,-inf
0.9968,-inf
0.9969,-inf
0.997,-inf
0.9971,-inf
0.9972,-inf
0.9973,-inf
0.9974,-inf
0.9975,-inf
0.9976,-inf
0.9977,-inf
0.9978,-inf
0.9979,-inf
0.998,-inf
0.9981,-inf
0.9982,-inf
0.9983,-inf
0.9984,-inf
0.9985,-inf
0.9986,-inf
0.9987,-inf
0.9988,-inf
0.9989,-inf
0.999,-inf
0.9991,-inf
0.9992,-inf
0.9993,-inf
0.9994,-inf
0.9995,-inf
0.9996,-inf
0.9997,-inf
0.9998,-inf
0.9999,-inf
1,-inf
